FRAME,COORDINATE_X,COORDINATE_Y,DISPLACEMENT_X,DISPLACEMENT_Y,MODEL_COORDINATES_X,MODEL_COORDINATES_Y,MODEL_COORDINATES_Z,MODEL_DISPLACEMENT_X,MODEL_DISPLACEMENT_Y,MODEL_DISPLACEMENT_Z,SIGMA,GAMMA,BETA,STATUS_FLAG,UNCERTAINTY,VSG_STRAIN_XX,VSG_STRAIN_YY,VSG_STRAIN_XY
0,3.4100E+02,7.0200E+02,-1.4311E-02,5.1822E-02,3.5819E+01,-2.1787E+00,-5.6765E-02,5.7736E-03,-2.6946E-03,-3.7646E-02,3.1596E-02,2.1007E-01,0.0000E+00,4.0000E+00,9.4725E-02,0.0000E+00,0.0000E+00,0.0000E+00
1,3.4100E+02,7.0200E+02,-1.0494E-01,-7.0503E-02,3.5819E+01,-2.1787E+00,-5.6765E-02,1.3225E-02,-5.9644E-03,-1.0080E-02,3.1112E-02,2.4649E-01,0.0000E+00,4.0000E+00,9.3275E-02,0.0000E+00,0.0000E+00,0.0000E+00
2,3.4100E+02,7.0200E+02,-1.3408E-01,-2.6631E-01,3.5819E+01,-2.1787E+00,-5.6765E-02,6.8638E-03,-1.4461E-03,7.8027E-02,2.8384E-02,2.0726E-01,0.0000E+00,4.0000E+00,8.5095E-02,0.0000E+00,0.0000E+00,0.0000E+00
3,3.4100E+02,7.0200E+02,-3.1414E-02,-1.1959E-01,3.5819E+01,-2.1787E+00,-5.6765E-02,4.0184E-03,-5.6503E-03,-3.6491E-03,2.9186E-02,2.2596E-01,0.0000E+00,4.0000E+00,8.7499E-02,0.0000E+00,0.0000E+00,0.0000E+00
4,3.4100E+02,7.0200E+02,-7.0018E-02,-7.9759E-02,3.5819E+01,-2.1787E+00,-5.6765E-02,7.8630E-03,-3.1235E-03,1.6762E-03,2.7321E-02,2.2530E-01,0.0000E+00,4.0000E+00,8.1910E-02,0.0000E+00,0.0000E+00,0.0000E+00
5,3.4100E+02,7.0200E+02,-1.0233E-01,-1.0152E-01,3.5819E+01,-2.1787E+00,-5.6765E-02,6.3495E-03,2.7493E-04,4.9916E-02,3.0956E-02,2.2304E-01,0.0000E+00,4.0000E+00,9.2806E-02,0.0000E+00,0.0000E+00,0.0000E+00
6,3.4100E+02,7.0200E+02,-1.1257E-01,-1.7049E-01,3.5819E+01,-2.1787E+00,-5.6765E-02,1.4973E-02,-1.1313E-02,-1.7967E-02,3.0484E-02,2.4912E-01,0.0000E+00,4.0000E+00,9.1393E-02,0.0000E+00,0.0000E+00,0.0000E+00
7,3.4100E+02,7.0200E+02,-9.7903E-02,5.0604E-03,3.5819E+01,-2.1787E+00,-5.6765E-02,1.1080E-02,-2.3878E-03,2.4673E-03,2.9439E-02,2.1983E-01,0.0000E+00,4.0000E+00,8.8259E-02,0.0000E+00,0.0000E+00,0.0000E+00
8,3.4100E+02,7.0200E+02,-1.3556E-01,-1.7668E-01,3.5819E+01,-2.1787E+00,-5.6765E-02,1.3547E-02,-3.6582E-03,1.8088E-02,3.0929E-02,2.2193E-01,0.0000E+00,4.0000E+00,9.2725E-02,0.0000E+00,0.0000E+00,0.0000E+00
9,3.4100E+02,7.0200E+02,9.0933E-01,1.1616E+00,3.5819E+01,-2.1787E+00,-5.6765E-02,-8.8220E-03,-4.3682E-02,-8.8047E-01,2.8080E-02,2.7948E-01,0.0000E+00,4.0000E+00,8.4185E-02,0.0000E+00,0.0000E+00,0.0000E+00
10,3.4100E+02,7.0200E+02,1.5468E+00,1.5943E+00,3.5819E+01,-2.1787E+00,-5.6765E-02,-2.8903E-02,-7.9391E-02,-1.3707E+00,3.2609E-02,3.6786E-01,0.0000E+00,4.0000E+00,9.7764E-02,0.0000E+00,0.0000E+00,0.0000E+00
11,3.4100E+02,7.0200E+02,2.2331E+00,1.2803E+00,3.5819E+01,-2.1787E+00,-5.6765E-02,-5.0057E-02,-1.6714E-01,-1.8988E+00,3.1062E-02,4.3351E-01,0.0000E+00,4.0000E+00,9.3125E-02,0.0000E+00,0.0000E+00,0.0000E+00
12,3.4100E+02,7.0200E+02,2.8144E+00,5.7073E-01,3.5819E+01,-2.1787E+00,-5.6765E-02,-6.5896E-02,-2.6613E-01,-2.3650E+00,3.2303E-02,3.8909E-01,0.0000E+00,4.0000E+00,9.6846E-02,0.0000E+00,0.0000E+00,0.0000E+00
13,3.4100E+02,7.0200E+02,2.8307E+00,7.2218E-01,3.5819E+01,-2.1787E+00,-5.6765E-02,-7.2164E-02,-2.5667E-01,-2.3241E+00,3.0530E-02,4.0286E-01,0.0000E+00,4.0000E+00,9.1529E-02,0.0000E+00,0.0000E+00,0.0000E+00
14,3.4100E+02,7.0200E+02,2.7974E+00,8.1402E-01,3.5819E+01,-2.1787E+00,-5.6765E-02,-6.5238E-02,-2.5308E-01,-2.3535E+00,3.0553E-02,3.9411E-01,0.0000E+00,4.0000E+00,9.1598E-02,0.0000E+00,0.0000E+00,0.0000E+00
15,3.4100E+02,7.0200E+02,3.0097E+00,7.1152E-01,3.5819E+01,-2.1787E+00,-5.6765E-02,-8.9559E-02,-2.5601E-01,-2.3556E+00,2.8352E-02,3.7513E-01,0.0000E+00,4.0000E+00,8.5000E-02,0.0000E+00,0.0000E+00,0.0000E+00
16,3.4100E+02,7.0200E+02,3.0227E+00,9.1587E-01,3.5819E+01,-2.1787E+00,-5.6765E-02,-8.5629E-02,-2.5425E-01,-2.4053E+00,2.9445E-02,3.8584E-01,0.0000E+00,4.0000E+00,8.8277E-02,0.0000E+00,0.0000E+00,0.0000E+00
17,3.4100E+02,7.0200E+02,3.0029E+00,7.9627E-01,3.5819E+01,-2.1787E+00,-5.6765E-02,-8.4740E-02,-2.5613E-01,-2.3930E+00,2.9033E-02,3.8398E-01,0.0000E+00,4.0000E+00,8.7040E-02,0.0000E+00,0.0000E+00,0.0000E+00
