FRAME,COORDINATE_X,COORDINATE_Y,DISPLACEMENT_X,DISPLACEMENT_Y,MODEL_COORDINATES_X,MODEL_COORDINATES_Y,MODEL_COORDINATES_Z,MODEL_DISPLACEMENT_X,MODEL_DISPLACEMENT_Y,MODEL_DISPLACEMENT_Z,SIGMA,GAMMA,BETA,STATUS_FLAG,UNCERTAINTY,VSG_STRAIN_XX,VSG_STRAIN_YY,VSG_STRAIN_XY
0,5.8900E+02,4.5400E+02,-1.5305E-02,7.7598E-02,7.5301E+00,-1.6494E+01,6.9924E-02,1.4937E-03,6.6960E-03,4.0082E-03,2.3581E-02,1.3214E-01,0.0000E+00,4.0000E+00,8.0317E-02,0.0000E+00,0.0000E+00,0.0000E+00
1,5.8900E+02,4.5400E+02,-3.8830E-02,-6.8388E-02,7.5301E+00,-1.6494E+01,6.9924E-02,3.9619E-03,-1.8067E-03,7.8286E-03,2.2436E-02,1.2047E-01,0.0000E+00,4.0000E+00,7.6416E-02,0.0000E+00,0.0000E+00,0.0000E+00
2,5.8900E+02,4.5400E+02,-9.3819E-02,-2.5461E-01,7.5301E+00,-1.6494E+01,6.9924E-02,5.0857E-03,1.7739E-03,9.9892E-02,2.3690E-02,1.2654E-01,0.0000E+00,4.0000E+00,8.0688E-02,0.0000E+00,0.0000E+00,0.0000E+00
3,5.8900E+02,4.5400E+02,-2.4968E-02,-1.8503E-01,7.5301E+00,-1.6494E+01,6.9924E-02,9.4961E-05,-3.7990E-03,4.9460E-02,2.5555E-02,1.3212E-01,0.0000E+00,4.0000E+00,8.7040E-02,0.0000E+00,0.0000E+00,0.0000E+00
4,5.8900E+02,4.5400E+02,-4.5020E-02,-3.1608E-02,7.5301E+00,-1.6494E+01,6.9924E-02,2.9633E-03,4.4144E-03,3.8658E-02,2.4955E-02,1.3413E-01,0.0000E+00,4.0000E+00,8.4996E-02,0.0000E+00,0.0000E+00,0.0000E+00
5,5.8900E+02,4.5400E+02,-6.7830E-02,-6.7697E-02,7.5301E+00,-1.6494E+01,6.9924E-02,6.1210E-03,2.0007E-03,2.8106E-02,2.6084E-02,1.2757E-01,0.0000E+00,4.0000E+00,8.8842E-02,0.0000E+00,0.0000E+00,0.0000E+00
6,5.8900E+02,4.5400E+02,-4.8604E-02,-7.2449E-02,7.5301E+00,-1.6494E+01,6.9924E-02,4.9642E-03,7.5521E-04,9.0333E-03,2.2668E-02,1.3133E-01,0.0000E+00,4.0000E+00,7.7205E-02,0.0000E+00,0.0000E+00,0.0000E+00
7,5.8900E+02,4.5400E+02,-2.7101E-02,-6.8795E-02,7.5301E+00,-1.6494E+01,6.9924E-02,1.4229E-03,1.0933E-03,2.9639E-02,2.4295E-02,1.3090E-01,0.0000E+00,4.0000E+00,8.2747E-02,0.0000E+00,0.0000E+00,0.0000E+00
8,5.8900E+02,4.5400E+02,-1.5114E-01,-1.0740E-01,7.5301E+00,-1.6494E+01,6.9924E-02,1.1350E-02,1.0243E-02,1.0472E-01,2.4826E-02,1.3419E-01,0.0000E+00,4.0000E+00,8.4556E-02,0.0000E+00,0.0000E+00,0.0000E+00
9,5.8900E+02,4.5400E+02,7.1787E-01,3.5244E+00,7.5301E+00,-1.6494E+01,6.9924E-02,9.7891E-03,-4.2880E-02,-1.6487E+00,2.2300E-02,1.1801E-01,0.0000E+00,4.0000E+00,7.5954E-02,0.0000E+00,0.0000E+00,0.0000E+00
10,5.8900E+02,4.5400E+02,1.2968E+00,6.5769E+00,7.5301E+00,-1.6494E+01,6.9924E-02,2.8480E-02,-8.8495E-02,-3.1821E+00,2.4158E-02,1.2147E-01,0.0000E+00,4.0000E+00,8.2281E-02,0.0000E+00,0.0000E+00,0.0000E+00
11,5.8900E+02,4.5400E+02,1.7639E+00,8.9997E+00,7.5301E+00,-1.6494E+01,6.9924E-02,5.3342E-02,-1.6196E-01,-4.5991E+00,2.1842E-02,1.3908E-01,0.0000E+00,4.0000E+00,7.4394E-02,0.0000E+00,0.0000E+00,0.0000E+00
12,5.8900E+02,4.5400E+02,2.0831E+00,1.0975E+01,7.5301E+00,-1.6494E+01,6.9924E-02,7.8786E-02,-2.2033E-01,-5.7225E+00,2.1179E-02,1.3397E-01,0.0000E+00,4.0000E+00,7.2134E-02,0.0000E+00,0.0000E+00,0.0000E+00
13,5.8900E+02,4.5400E+02,2.1434E+00,1.1043E+01,7.5301E+00,-1.6494E+01,6.9924E-02,7.7139E-02,-2.2611E-01,-5.8198E+00,2.2056E-02,1.3081E-01,0.0000E+00,4.0000E+00,7.5121E-02,0.0000E+00,0.0000E+00,0.0000E+00
14,5.8900E+02,4.5400E+02,2.0930E+00,1.1213E+01,7.5301E+00,-1.6494E+01,6.9924E-02,8.3828E-02,-2.1911E-01,-5.8358E+00,1.9867E-02,1.3450E-01,0.0000E+00,4.0000E+00,6.7667E-02,0.0000E+00,0.0000E+00,0.0000E+00
15,5.8900E+02,4.5400E+02,2.2636E+00,1.1313E+01,7.5301E+00,-1.6494E+01,6.9924E-02,6.5908E-02,-2.1980E-01,-5.8657E+00,2.0555E-02,1.1616E-01,0.0000E+00,4.0000E+00,7.0009E-02,0.0000E+00,0.0000E+00,0.0000E+00
16,5.8900E+02,4.5400E+02,2.2283E+00,1.1353E+01,7.5301E+00,-1.6494E+01,6.9924E-02,6.9568E-02,-2.1462E-01,-5.8590E+00,2.2073E-02,1.3419E-01,0.0000E+00,4.0000E+00,7.5180E-02,0.0000E+00,0.0000E+00,0.0000E+00
17,5.8900E+02,4.5400E+02,2.2016E+00,1.1438E+01,7.5301E+00,-1.6494E+01,6.9924E-02,7.2975E-02,-2.1386E-01,-5.8640E+00,1.9614E-02,1.2860E-01,0.0000E+00,4.0000E+00,6.6805E-02,0.0000E+00,0.0000E+00,0.0000E+00
