FRAME,COORDINATE_X,COORDINATE_Y,DISPLACEMENT_X,DISPLACEMENT_Y,MODEL_COORDINATES_X,MODEL_COORDINATES_Y,MODEL_COORDINATES_Z,MODEL_DISPLACEMENT_X,MODEL_DISPLACEMENT_Y,MODEL_DISPLACEMENT_Z,SIGMA,GAMMA,BETA,STATUS_FLAG,UNCERTAINTY,VSG_STRAIN_XX,VSG_STRAIN_YY,VSG_STRAIN_XY
0,4.3400E+02,7.6400E+02,-1.7536E-02,-1.7394E-02,2.5132E+01,1.4524E+00,5.4522E-02,3.6458E-03,-3.3323E-03,-1.8336E-02,3.0304E-02,1.6570E-01,0.0000E+00,4.0000E+00,1.1517E-01,0.0000E+00,0.0000E+00,0.0000E+00
1,4.3400E+02,7.6400E+02,-3.1209E-02,-5.5327E-02,2.5132E+01,1.4524E+00,5.4522E-02,5.0320E-03,-4.0756E-03,-1.6633E-02,3.1446E-02,1.6858E-01,0.0000E+00,4.0000E+00,1.1950E-01,0.0000E+00,0.0000E+00,0.0000E+00
2,4.3400E+02,7.6400E+02,-4.6413E-02,-1.7228E-01,2.5132E+01,1.4524E+00,5.4522E-02,4.0348E-03,-8.3369E-03,1.4838E-02,3.0454E-02,1.6182E-01,0.0000E+00,4.0000E+00,1.1573E-01,0.0000E+00,0.0000E+00,0.0000E+00
3,4.3400E+02,7.6400E+02,-4.1640E-02,-1.3695E-01,2.5132E+01,1.4524E+00,5.4522E-02,5.1423E-03,-6.4923E-03,-4.4786E-03,2.9340E-02,1.6764E-01,0.0000E+00,4.0000E+00,1.1150E-01,0.0000E+00,0.0000E+00,0.0000E+00
4,4.3400E+02,7.6400E+02,-1.1692E-02,3.3969E-02,2.5132E+01,1.4524E+00,5.4522E-02,2.2263E-03,-5.7903E-03,-7.9598E-03,3.0657E-02,1.6787E-01,0.0000E+00,4.0000E+00,1.1651E-01,0.0000E+00,0.0000E+00,0.0000E+00
5,4.3400E+02,7.6400E+02,-2.9624E-02,1.7277E-02,2.5132E+01,1.4524E+00,5.4522E-02,3.8655E-03,-2.7161E-03,-4.5125E-03,2.9862E-02,1.7205E-01,0.0000E+00,4.0000E+00,1.1348E-01,0.0000E+00,0.0000E+00,0.0000E+00
6,4.3400E+02,7.6400E+02,-3.2136E-02,-3.7586E-02,2.5132E+01,1.4524E+00,5.4522E-02,2.5690E-03,-2.5741E-03,1.3059E-02,3.0276E-02,1.7520E-01,0.0000E+00,4.0000E+00,1.1506E-01,0.0000E+00,0.0000E+00,0.0000E+00
7,4.3400E+02,7.6400E+02,-5.9118E-02,-1.6500E-02,2.5132E+01,1.4524E+00,5.4522E-02,6.1219E-03,4.6358E-04,6.8369E-03,2.8182E-02,1.5895E-01,0.0000E+00,4.0000E+00,1.0710E-01,0.0000E+00,0.0000E+00,0.0000E+00
8,4.3400E+02,7.6400E+02,-1.1804E-01,-6.8224E-02,2.5132E+01,1.4524E+00,5.4522E-02,8.2801E-03,6.9891E-04,5.9129E-02,2.9806E-02,1.5588E-01,0.0000E+00,4.0000E+00,1.1327E-01,0.0000E+00,0.0000E+00,0.0000E+00
9,4.3400E+02,7.6400E+02,1.9111E-01,1.2055E-01,2.5132E+01,1.4524E+00,5.4522E-02,-5.2429E-03,-1.8396E-02,-1.8510E-01,2.9411E-02,1.8608E-01,0.0000E+00,4.0000E+00,1.1177E-01,0.0000E+00,0.0000E+00,0.0000E+00
10,4.3400E+02,7.6400E+02,3.4166E-01,-3.8242E-02,2.5132E+01,1.4524E+00,5.4522E-02,-1.6417E-02,-3.5432E-02,-2.5186E-01,2.9769E-02,1.9061E-01,0.0000E+00,4.0000E+00,1.1313E-01,0.0000E+00,0.0000E+00,0.0000E+00
11,4.3400E+02,7.6400E+02,6.2933E-01,-1.1101E+00,2.5132E+01,1.4524E+00,5.4522E-02,-3.0042E-02,-1.2248E-01,-4.6329E-01,3.1688E-02,2.0546E-01,0.0000E+00,4.0000E+00,1.2042E-01,0.0000E+00,0.0000E+00,0.0000E+00
12,4.3400E+02,7.6400E+02,9.5873E-01,-2.2349E+00,2.5132E+01,1.4524E+00,5.4522E-02,-4.6534E-02,-2.1088E-01,-6.9757E-01,2.9836E-02,2.0956E-01,0.0000E+00,4.0000E+00,1.1339E-01,0.0000E+00,0.0000E+00,0.0000E+00
13,4.3400E+02,7.6400E+02,9.7811E-01,-2.2450E+00,2.5132E+01,1.4524E+00,5.4522E-02,-4.6881E-02,-2.1907E-01,-7.1681E-01,3.2205E-02,2.1398E-01,0.0000E+00,4.0000E+00,1.2239E-01,0.0000E+00,0.0000E+00,0.0000E+00
14,4.3400E+02,7.6400E+02,9.9260E-01,-2.0954E+00,2.5132E+01,1.4524E+00,5.4522E-02,-4.6391E-02,-2.1211E-01,-7.4192E-01,3.0724E-02,2.2923E-01,0.0000E+00,4.0000E+00,1.1676E-01,0.0000E+00,0.0000E+00,0.0000E+00
15,4.3400E+02,7.6400E+02,1.1037E+00,-2.2054E+00,2.5132E+01,1.4524E+00,5.4522E-02,-6.1219E-02,-2.0828E-01,-7.1980E-01,3.0857E-02,2.0028E-01,0.0000E+00,4.0000E+00,1.1726E-01,0.0000E+00,0.0000E+00,0.0000E+00
16,4.3400E+02,7.6400E+02,1.0930E+00,-2.0671E+00,2.5132E+01,1.4524E+00,5.4522E-02,-5.8168E-02,-2.0805E-01,-7.3928E-01,2.9670E-02,2.1156E-01,0.0000E+00,4.0000E+00,1.1275E-01,0.0000E+00,0.0000E+00,0.0000E+00
17,4.3400E+02,7.6400E+02,1.1316E+00,-2.0767E+00,2.5132E+01,1.4524E+00,5.4522E-02,-6.1762E-02,-2.0657E-01,-7.4937E-01,3.0411E-02,2.1119E-01,0.0000E+00,4.0000E+00,1.1557E-01,0.0000E+00,0.0000E+00,0.0000E+00
