FRAME,COORDINATE_X,COORDINATE_Y,DISPLACEMENT_X,DISPLACEMENT_Y,MODEL_COORDINATES_X,MODEL_COORDINATES_Y,MODEL_COORDINATES_Z,MODEL_DISPLACEMENT_X,MODEL_DISPLACEMENT_Y,MODEL_DISPLACEMENT_Z,SIGMA,GAMMA,BETA,STATUS_FLAG,UNCERTAINTY,VSG_STRAIN_XX,VSG_STRAIN_YY,VSG_STRAIN_XY
0,5.6900E+02,7.3300E+02,-1.4705E-02,8.1305E-02,6.6392E+00,7.5223E-02,5.3825E-02,3.3039E-03,2.0361E-03,-7.8778E-03,1.3756E-02,1.0889E-02,0.0000E+00,4.0000E+00,5.0525E-02,0.0000E+00,0.0000E+00,0.0000E+00
1,5.6900E+02,7.3300E+02,-9.4320E-02,5.8922E-01,6.6392E+00,7.5223E-02,5.3825E-02,6.7052E-03,1.8952E-02,8.1655E-04,1.7006E-02,9.9531E-03,0.0000E+00,4.0000E+00,6.2465E-02,0.0000E+00,0.0000E+00,0.0000E+00
2,5.6900E+02,7.3300E+02,-1.1182E-01,5.9166E-01,6.6392E+00,7.5223E-02,5.3825E-02,8.9832E-03,1.9465E-02,-2.5506E-03,1.6891E-02,9.6960E-03,0.0000E+00,4.0000E+00,6.2041E-02,0.0000E+00,0.0000E+00,0.0000E+00
3,5.6900E+02,7.3300E+02,-1.0395E-01,6.2845E-01,6.6392E+00,7.5223E-02,5.3825E-02,8.1750E-03,2.0749E-02,-1.9173E-03,1.6426E-02,1.0133E-02,0.0000E+00,4.0000E+00,6.0333E-02,0.0000E+00,0.0000E+00,0.0000E+00
4,5.6900E+02,7.3300E+02,-1.2556E-01,6.7241E-01,6.6392E+00,7.5223E-02,5.3825E-02,8.2642E-03,2.1433E-02,3.7068E-03,1.7302E-02,1.0520E-02,0.0000E+00,4.0000E+00,6.3550E-02,0.0000E+00,0.0000E+00,0.0000E+00
5,5.6900E+02,7.3300E+02,-1.2060E-01,6.7758E-01,6.6392E+00,7.5223E-02,5.3825E-02,8.7648E-03,2.1667E-02,5.3077E-04,1.5818E-02,9.8029E-03,0.0000E+00,4.0000E+00,5.8101E-02,0.0000E+00,0.0000E+00,0.0000E+00
6,5.6900E+02,7.3300E+02,-1.1665E-01,7.1369E-01,6.6392E+00,7.5223E-02,5.3825E-02,8.7744E-03,2.3216E-02,-7.0804E-04,1.6879E-02,1.0502E-02,0.0000E+00,4.0000E+00,6.1997E-02,0.0000E+00,0.0000E+00,0.0000E+00
7,5.6900E+02,7.3300E+02,-1.2518E-01,7.6307E-01,6.6392E+00,7.5223E-02,5.3825E-02,9.8797E-03,2.3616E-02,-2.2960E-03,1.6807E-02,1.1466E-02,0.0000E+00,4.0000E+00,6.1735E-02,0.0000E+00,0.0000E+00,0.0000E+00
8,5.6900E+02,7.3300E+02,-1.3232E-01,8.2324E-01,6.6392E+00,7.5223E-02,5.3825E-02,9.4287E-03,2.5529E-02,1.1677E-03,1.7531E-02,1.0923E-02,0.0000E+00,4.0000E+00,6.4391E-02,0.0000E+00,0.0000E+00,0.0000E+00
9,5.6900E+02,7.3300E+02,-1.2043E-01,8.0684E-01,6.6392E+00,7.5223E-02,5.3825E-02,8.9928E-03,2.5614E-02,-5.8159E-04,1.6852E-02,1.1459E-02,0.0000E+00,4.0000E+00,6.1897E-02,0.0000E+00,0.0000E+00,0.0000E+00
10,5.6900E+02,7.3300E+02,-1.1912E-01,8.6185E-01,6.6392E+00,7.5223E-02,5.3825E-02,9.0217E-03,2.7011E-02,-1.1243E-03,1.8265E-02,1.2266E-02,0.0000E+00,4.0000E+00,6.7087E-02,0.0000E+00,0.0000E+00,0.0000E+00
11,5.6900E+02,7.3300E+02,-1.1388E-01,8.3210E-01,6.6392E+00,7.5223E-02,5.3825E-02,9.4670E-03,2.6312E-02,-4.1269E-03,1.7076E-02,1.1722E-02,0.0000E+00,4.0000E+00,6.2720E-02,0.0000E+00,0.0000E+00,0.0000E+00
12,5.6900E+02,7.3300E+02,-1.3063E-01,8.5521E-01,6.6392E+00,7.5223E-02,5.3825E-02,1.0031E-02,2.7341E-02,-1.5952E-03,1.6068E-02,1.0958E-02,0.0000E+00,4.0000E+00,5.9020E-02,0.0000E+00,0.0000E+00,0.0000E+00
13,5.6900E+02,7.3300E+02,-1.1164E-01,9.0226E-01,6.6392E+00,7.5223E-02,5.3825E-02,9.4028E-03,2.8563E-02,-4.6632E-03,1.6255E-02,1.0268E-02,0.0000E+00,4.0000E+00,5.9706E-02,0.0000E+00,0.0000E+00,0.0000E+00
14,5.6900E+02,7.3300E+02,-1.2157E+00,1.3777E+01,6.6392E+00,7.5223E-02,5.3825E-02,8.5044E-02,5.8711E-01,-1.0066E-02,1.5258E-02,1.2990E-02,0.0000E+00,4.0000E+00,5.6043E-02,0.0000E+00,0.0000E+00,0.0000E+00
15,5.6900E+02,7.3300E+02,-1.4165E+00,3.9094E+01,6.6392E+00,7.5223E-02,5.3825E-02,5.9921E-02,1.5324E+00,6.9069E-02,1.2520E-02,1.7277E-02,0.0000E+00,4.0000E+00,4.5987E-02,0.0000E+00,0.0000E+00,0.0000E+00
16,5.6900E+02,7.3300E+02,-1.1508E+00,6.7130E+01,6.6392E+00,7.5223E-02,5.3825E-02,1.0954E-02,2.6407E+00,9.3490E-02,1.1434E-02,1.1775E-02,0.0000E+00,4.0000E+00,4.1996E-02,0.0000E+00,0.0000E+00,0.0000E+00
17,5.6900E+02,7.3300E+02,-1.7480E+00,9.0916E+01,6.6392E+00,7.5223E-02,5.3825E-02,1.4886E-02,3.5687E+00,1.7919E-01,1.6322E-02,1.4440E-02,0.0000E+00,4.0000E+00,5.9953E-02,0.0000E+00,0.0000E+00,0.0000E+00
18,5.6900E+02,7.3300E+02,-2.4593E+00,1.1343E+02,6.6392E+00,7.5223E-02,5.3825E-02,5.7445E-03,4.5126E+00,3.4474E-01,1.4474E-02,1.7371E-02,0.0000E+00,4.0000E+00,5.3162E-02,0.0000E+00,0.0000E+00,0.0000E+00
19,5.6900E+02,7.3300E+02,-3.4334E+00,1.3728E+02,6.6392E+00,7.5223E-02,5.3825E-02,9.0897E-02,5.3890E+00,2.4554E-01,1.2346E-02,1.7518E-02,0.0000E+00,4.0000E+00,4.5346E-02,0.0000E+00,0.0000E+00,0.0000E+00
20,5.6900E+02,7.3300E+02,-4.6516E+00,1.6324E+02,6.6392E+00,7.5223E-02,5.3825E-02,1.5578E-01,6.4149E+00,2.7882E-01,1.1919E-02,1.7461E-02,0.0000E+00,4.0000E+00,4.3778E-02,0.0000E+00,0.0000E+00,0.0000E+00
21,5.6900E+02,7.3300E+02,-5.9434E+00,1.8668E+02,6.6392E+00,7.5223E-02,5.3825E-02,2.1386E-01,7.3307E+00,3.6338E-01,1.5342E-02,1.3515E-02,0.0000E+00,4.0000E+00,5.6353E-02,0.0000E+00,0.0000E+00,0.0000E+00
22,5.6900E+02,7.3300E+02,-6.4064E+00,2.0996E+02,6.6392E+00,7.5223E-02,5.3825E-02,2.1372E-01,8.2964E+00,4.2998E-01,1.5925E-02,2.0332E-02,0.0000E+00,4.0000E+00,5.8492E-02,0.0000E+00,0.0000E+00,0.0000E+00
23,5.6900E+02,7.3300E+02,-7.2034E+00,2.3558E+02,6.6392E+00,7.5223E-02,5.3825E-02,2.6246E-01,9.2482E+00,4.0491E-01,1.2449E-02,1.3690E-02,0.0000E+00,4.0000E+00,4.5726E-02,0.0000E+00,0.0000E+00,0.0000E+00
24,5.6900E+02,7.3300E+02,-7.4660E+00,2.5215E+02,6.6392E+00,7.5223E-02,5.3825E-02,2.6327E-01,9.8981E+00,4.2976E-01,1.1905E-02,2.0116E-02,0.0000E+00,4.0000E+00,4.3726E-02,0.0000E+00,0.0000E+00,0.0000E+00
25,5.6900E+02,7.3300E+02,-6.1681E+00,2.2775E+02,6.6392E+00,7.5223E-02,5.3825E-02,1.9096E-01,8.9347E+00,3.9615E-01,1.5231E-02,1.4927E-02,0.0000E+00,4.0000E+00,5.5943E-02,0.0000E+00,0.0000E+00,0.0000E+00
26,5.6900E+02,7.3300E+02,-5.2441E+00,2.0288E+02,6.6392E+00,7.5223E-02,5.3825E-02,1.5502E-01,7.9627E+00,3.3741E-01,1.7334E-02,1.4780E-02,0.0000E+00,4.0000E+00,6.3668E-02,0.0000E+00,0.0000E+00,0.0000E+00
27,5.6900E+02,7.3300E+02,-3.5816E+00,1.7878E+02,6.6392E+00,7.5223E-02,5.3825E-02,5.6548E-02,7.0128E+00,2.9653E-01,1.3577E-02,1.7513E-02,0.0000E+00,4.0000E+00,4.9868E-02,0.0000E+00,0.0000E+00,0.0000E+00
28,5.6900E+02,7.3300E+02,-4.3235E+00,1.5595E+02,6.6392E+00,7.5223E-02,5.3825E-02,1.3363E-01,6.1231E+00,2.8724E-01,1.2110E-02,1.5921E-02,0.0000E+00,4.0000E+00,4.4479E-02,0.0000E+00,0.0000E+00,0.0000E+00
29,5.6900E+02,7.3300E+02,-3.5768E+00,1.3169E+02,6.6392E+00,7.5223E-02,5.3825E-02,1.0793E-01,5.1652E+00,2.3952E-01,1.6097E-02,1.8954E-02,0.0000E+00,4.0000E+00,5.9127E-02,0.0000E+00,0.0000E+00,0.0000E+00
30,5.6900E+02,7.3300E+02,-2.1050E+00,1.0700E+02,6.6392E+00,7.5223E-02,5.3825E-02,2.1559E-02,4.2000E+00,2.0978E-01,1.6654E-02,1.2156E-02,0.0000E+00,4.0000E+00,6.1170E-02,0.0000E+00,0.0000E+00,0.0000E+00
31,5.6900E+02,7.3300E+02,-1.9560E+00,8.1876E+01,6.6392E+00,7.5223E-02,5.3825E-02,4.6192E-02,3.2099E+00,1.4959E-01,1.4960E-02,1.2936E-02,0.0000E+00,4.0000E+00,5.4947E-02,0.0000E+00,0.0000E+00,0.0000E+00
32,5.6900E+02,7.3300E+02,-5.0599E-01,5.7851E+01,6.6392E+00,7.5223E-02,5.3825E-02,-2.9902E-02,2.2670E+00,8.7711E-02,1.2866E-02,1.7502E-02,0.0000E+00,4.0000E+00,4.7256E-02,0.0000E+00,0.0000E+00,0.0000E+00
33,5.6900E+02,7.3300E+02,-1.5898E+00,3.2880E+01,6.6392E+00,7.5223E-02,5.3825E-02,8.4297E-02,1.2829E+00,4.7266E-02,1.5084E-02,1.8613E-02,0.0000E+00,4.0000E+00,5.5405E-02,0.0000E+00,0.0000E+00,0.0000E+00
34,5.6900E+02,7.3300E+02,-1.2039E+00,1.2149E+01,6.6392E+00,7.5223E-02,5.3825E-02,7.6345E-02,4.7233E-01,2.6089E-02,1.7685E-02,1.3627E-02,0.0000E+00,4.0000E+00,6.4959E-02,0.0000E+00,0.0000E+00,0.0000E+00
35,5.6900E+02,7.3300E+02,-5.5336E-01,1.2500E+00,6.6392E+00,7.5223E-02,5.3825E-02,4.0978E-02,4.2401E-02,3.3287E-03,1.6295E-02,1.7535E-02,0.0000E+00,4.0000E+00,5.9853E-02,0.0000E+00,0.0000E+00,0.0000E+00
36,5.6900E+02,7.3300E+02,-5.3371E-01,1.2472E+00,6.6392E+00,7.5223E-02,5.3825E-02,4.0126E-02,4.2501E-02,9.4037E-04,1.6563E-02,1.6892E-02,0.0000E+00,4.0000E+00,6.0838E-02,0.0000E+00,0.0000E+00,0.0000E+00
37,5.6900E+02,7.3300E+02,-5.3178E-01,1.2764E+00,6.6392E+00,7.5223E-02,5.3825E-02,4.1384E-02,4.2911E-02,-4.1022E-03,1.7918E-02,1.6777E-02,0.0000E+00,4.0000E+00,6.5814E-02,0.0000E+00,0.0000E+00,0.0000E+00
38,5.6900E+02,7.3300E+02,-5.2138E-01,1.2713E+00,6.6392E+00,7.5223E-02,5.3825E-02,3.8861E-02,4.2659E-02,2.0729E-03,1.7084E-02,1.7534E-02,0.0000E+00,4.0000E+00,6.2749E-02,0.0000E+00,0.0000E+00,0.0000E+00
39,5.6900E+02,7.3300E+02,-5.1507E-01,1.2661E+00,6.6392E+00,7.5223E-02,5.3825E-02,3.9214E-02,4.1975E-02,-8.7094E-04,1.4906E-02,1.7262E-02,0.0000E+00,4.0000E+00,5.4752E-02,0.0000E+00,0.0000E+00,0.0000E+00
40,5.6900E+02,7.3300E+02,-4.2106E-01,1.1557E+00,6.6392E+00,7.5223E-02,5.3825E-02,3.1288E-02,4.0324E-02,1.5796E-03,1.5795E-02,1.7998E-02,0.0000E+00,4.0000E+00,5.8016E-02,0.0000E+00,0.0000E+00,0.0000E+00
41,5.6900E+02,7.3300E+02,-4.2323E-01,1.1985E+00,6.6392E+00,7.5223E-02,5.3825E-02,3.0680E-02,4.1370E-02,4.2974E-03,1.7198E-02,1.7434E-02,0.0000E+00,4.0000E+00,6.3170E-02,0.0000E+00,0.0000E+00,0.0000E+00
42,5.6900E+02,7.3300E+02,-4.4367E-01,1.2561E+00,6.6392E+00,7.5223E-02,5.3825E-02,3.2902E-02,4.2071E-02,1.9807E-03,1.5607E-02,1.7362E-02,0.0000E+00,4.0000E+00,5.7327E-02,0.0000E+00,0.0000E+00,0.0000E+00
43,5.6900E+02,7.3300E+02,-4.3168E-01,1.2612E+00,6.6392E+00,7.5223E-02,5.3825E-02,3.0800E-02,4.2378E-02,6.1670E-03,1.6670E-02,1.7636E-02,0.0000E+00,4.0000E+00,6.1229E-02,0.0000E+00,0.0000E+00,0.0000E+00
44,5.6900E+02,7.3300E+02,-4.0022E-01,1.2243E+00,6.6392E+00,7.5223E-02,5.3825E-02,3.0575E-02,4.1084E-02,-1.6259E-03,1.7189E-02,1.7544E-02,0.0000E+00,4.0000E+00,6.3136E-02,0.0000E+00,0.0000E+00,0.0000E+00
45,5.6900E+02,7.3300E+02,-4.3645E-01,1.2719E+00,6.6392E+00,7.5223E-02,5.3825E-02,3.1947E-02,4.2512E-02,3.3780E-03,1.6242E-02,1.6790E-02,0.0000E+00,4.0000E+00,5.9658E-02,0.0000E+00,0.0000E+00,0.0000E+00
46,5.6900E+02,7.3300E+02,-4.3884E-01,1.2734E+00,6.6392E+00,7.5223E-02,5.3825E-02,3.3065E-02,4.1606E-02,1.2902E-04,1.5135E-02,1.7626E-02,0.0000E+00,4.0000E+00,5.5593E-02,0.0000E+00,0.0000E+00,0.0000E+00
47,5.6900E+02,7.3300E+02,-4.4860E-01,1.2012E+00,6.6392E+00,7.5223E-02,5.3825E-02,3.2079E-02,4.0254E-02,6.4046E-03,1.6347E-02,1.8508E-02,0.0000E+00,4.0000E+00,6.0042E-02,0.0000E+00,0.0000E+00,0.0000E+00
48,5.6900E+02,7.3300E+02,-4.2793E-01,1.2100E+00,6.6392E+00,7.5223E-02,5.3825E-02,3.1394E-02,4.0266E-02,3.1560E-03,1.7117E-02,1.6862E-02,0.0000E+00,4.0000E+00,6.2871E-02,0.0000E+00,0.0000E+00,0.0000E+00
49,5.6900E+02,7.3300E+02,-4.4314E-01,1.2308E+00,6.6392E+00,7.5223E-02,5.3825E-02,3.1878E-02,4.1065E-02,5.5708E-03,1.6841E-02,1.6744E-02,0.0000E+00,4.0000E+00,6.1856E-02,0.0000E+00,0.0000E+00,0.0000E+00
50,5.6900E+02,7.3300E+02,-4.2021E-01,1.1768E+00,6.6392E+00,7.5223E-02,5.3825E-02,3.0086E-02,3.9393E-02,5.7565E-03,1.7438E-02,1.5951E-02,0.0000E+00,4.0000E+00,6.4051E-02,0.0000E+00,0.0000E+00,0.0000E+00
51,5.6900E+02,7.3300E+02,-4.3756E-01,1.2300E+00,6.6392E+00,7.5223E-02,5.3825E-02,3.3097E-02,4.1504E-02,-3.7433E-04,1.6221E-02,1.6452E-02,0.0000E+00,4.0000E+00,5.9580E-02,0.0000E+00,0.0000E+00,0.0000E+00
52,5.6900E+02,7.3300E+02,-4.3514E-01,1.1841E+00,6.6392E+00,7.5223E-02,5.3825E-02,3.1615E-02,3.9721E-02,4.3814E-03,1.5815E-02,1.7266E-02,0.0000E+00,4.0000E+00,5.8090E-02,0.0000E+00,0.0000E+00,0.0000E+00
53,5.6900E+02,7.3300E+02,-4.3686E-01,1.2466E+00,6.6392E+00,7.5223E-02,5.3825E-02,3.2069E-02,4.1409E-02,3.1367E-03,1.8621E-02,1.6879E-02,0.0000E+00,4.0000E+00,6.8397E-02,0.0000E+00,0.0000E+00,0.0000E+00
54,5.6900E+02,7.3300E+02,-4.3487E-01,1.2282E+00,6.6392E+00,7.5223E-02,5.3825E-02,3.1131E-02,4.0824E-02,5.9811E-03,1.5833E-02,1.6995E-02,0.0000E+00,4.0000E+00,5.8157E-02,0.0000E+00,0.0000E+00,0.0000E+00
55,5.6900E+02,7.3300E+02,-4.4247E-01,1.2081E+00,6.6392E+00,7.5223E-02,5.3825E-02,3.1361E-02,4.0404E-02,7.2732E-03,1.6730E-02,1.8101E-02,0.0000E+00,4.0000E+00,6.1451E-02,0.0000E+00,0.0000E+00,0.0000E+00
56,5.6900E+02,7.3300E+02,-4.5851E-01,1.2076E+00,6.6392E+00,7.5223E-02,5.3825E-02,3.3079E-02,4.0264E-02,5.5700E-03,1.5069E-02,1.7306E-02,0.0000E+00,4.0000E+00,5.5349E-02,0.0000E+00,0.0000E+00,0.0000E+00
57,5.6900E+02,7.3300E+02,-4.5416E-01,1.2284E+00,6.6392E+00,7.5223E-02,5.3825E-02,3.3941E-02,4.0301E-02,1.3012E-03,1.6035E-02,1.7248E-02,0.0000E+00,4.0000E+00,5.8898E-02,0.0000E+00,0.0000E+00,0.0000E+00
58,5.6900E+02,7.3300E+02,-4.6319E-01,1.2082E+00,6.6392E+00,7.5223E-02,5.3825E-02,3.3275E-02,3.9923E-02,6.1941E-03,1.6130E-02,1.8069E-02,0.0000E+00,4.0000E+00,5.9245E-02,0.0000E+00,0.0000E+00,0.0000E+00
59,5.6900E+02,7.3300E+02,-4.7779E-01,1.2225E+00,6.6392E+00,7.5223E-02,5.3825E-02,3.4460E-02,4.0587E-02,5.9332E-03,1.7232E-02,1.8335E-02,0.0000E+00,4.0000E+00,6.3295E-02,0.0000E+00,0.0000E+00,0.0000E+00
60,5.6900E+02,7.3300E+02,-4.7574E-01,1.2274E+00,6.6392E+00,7.5223E-02,5.3825E-02,3.5494E-02,3.9836E-02,1.7478E-03,1.7228E-02,1.7566E-02,0.0000E+00,4.0000E+00,6.3280E-02,0.0000E+00,0.0000E+00,0.0000E+00
61,5.6900E+02,7.3300E+02,-4.5621E-01,1.2131E+00,6.6392E+00,7.5223E-02,5.3825E-02,3.3982E-02,3.9791E-02,1.7545E-03,1.5414E-02,1.6906E-02,0.0000E+00,4.0000E+00,5.6615E-02,0.0000E+00,0.0000E+00,0.0000E+00
