FRAME,COORDINATE_X,COORDINATE_Y,DISPLACEMENT_X,DISPLACEMENT_Y,MODEL_COORDINATES_X,MODEL_COORDINATES_Y,MODEL_COORDINATES_Z,MODEL_DISPLACEMENT_X,MODEL_DISPLACEMENT_Y,MODEL_DISPLACEMENT_Z,SIGMA,GAMMA,BETA,STATUS_FLAG,UNCERTAINTY,VSG_STRAIN_XX,VSG_STRAIN_YY,VSG_STRAIN_XY
0,4.1400E+02,8.5700E+02,-1.5532E-02,5.8479E-02,1.9812E+01,5.5319E+00,-1.2041E-02,1.1472E-03,1.6571E-03,-1.0287E-02,2.0119E-02,3.5518E-02,0.0000E+00,4.0000E+00,4.7233E-02,0.0000E+00,0.0000E+00,0.0000E+00
1,4.1400E+02,8.5700E+02,-4.6157E-02,5.7972E-01,1.9812E+01,5.5319E+00,-1.2041E-02,3.1059E-03,1.6776E-02,-4.4977E-03,1.9629E-02,2.9194E-02,0.0000E+00,4.0000E+00,4.6083E-02,0.0000E+00,0.0000E+00,0.0000E+00
2,4.1400E+02,8.5700E+02,-8.7560E-02,6.6058E-01,1.9812E+01,5.5319E+00,-1.2041E-02,6.4748E-03,1.9678E-02,8.4732E-03,2.4969E-02,3.4438E-02,0.0000E+00,4.0000E+00,5.8620E-02,0.0000E+00,0.0000E+00,0.0000E+00
3,4.1400E+02,8.5700E+02,-7.1459E-02,6.6421E-01,1.9812E+01,5.5319E+00,-1.2041E-02,5.1568E-03,2.0031E-02,5.9630E-03,2.1303E-02,3.1551E-02,0.0000E+00,4.0000E+00,5.0014E-02,0.0000E+00,0.0000E+00,0.0000E+00
4,4.1400E+02,8.5700E+02,-1.0205E-01,7.2098E-01,1.9812E+01,5.5319E+00,-1.2041E-02,7.5324E-03,2.1252E-02,-1.4163E-03,2.1206E-02,3.4104E-02,0.0000E+00,4.0000E+00,4.9785E-02,0.0000E+00,0.0000E+00,0.0000E+00
5,4.1400E+02,8.5700E+02,-9.9427E-02,6.8216E-01,1.9812E+01,5.5319E+00,-1.2041E-02,7.5119E-03,2.2775E-02,9.3918E-03,2.2125E-02,3.5031E-02,0.0000E+00,4.0000E+00,5.1942E-02,0.0000E+00,0.0000E+00,0.0000E+00
6,4.1400E+02,8.5700E+02,-1.1668E-01,7.3842E-01,1.9812E+01,5.5319E+00,-1.2041E-02,8.8807E-03,2.4548E-02,1.3324E-02,2.1591E-02,3.6931E-02,0.0000E+00,4.0000E+00,5.0690E-02,0.0000E+00,0.0000E+00,0.0000E+00
7,4.1400E+02,8.5700E+02,-9.6884E-02,7.3892E-01,1.9812E+01,5.5319E+00,-1.2041E-02,7.2358E-03,2.4527E-02,7.0372E-03,2.1681E-02,3.1178E-02,0.0000E+00,4.0000E+00,5.0901E-02,0.0000E+00,0.0000E+00,0.0000E+00
8,4.1400E+02,8.5700E+02,-9.0034E-02,7.6272E-01,1.9812E+01,5.5319E+00,-1.2041E-02,6.6098E-03,2.5536E-02,-3.7016E-03,2.3543E-02,3.5233E-02,0.0000E+00,4.0000E+00,5.5272E-02,0.0000E+00,0.0000E+00,0.0000E+00
9,4.1400E+02,8.5700E+02,-1.0702E-01,8.1019E-01,1.9812E+01,5.5319E+00,-1.2041E-02,7.9523E-03,2.5948E-02,5.4740E-03,2.0645E-02,3.0774E-02,0.0000E+00,4.0000E+00,4.8469E-02,0.0000E+00,0.0000E+00,0.0000E+00
10,4.1400E+02,8.5700E+02,-1.4475E-01,7.4019E-01,1.9812E+01,5.5319E+00,-1.2041E-02,1.1170E-02,2.3976E-02,1.9246E-02,2.0689E-02,3.6826E-02,0.0000E+00,4.0000E+00,4.8571E-02,0.0000E+00,0.0000E+00,0.0000E+00
11,4.1400E+02,8.5700E+02,-1.4283E-01,8.2165E-01,1.9812E+01,5.5319E+00,-1.2041E-02,1.0842E-02,2.6052E-02,4.5688E-03,2.2342E-02,3.6275E-02,0.0000E+00,4.0000E+00,5.2453E-02,0.0000E+00,0.0000E+00,0.0000E+00
12,4.1400E+02,8.5700E+02,-1.5599E-01,7.4859E-01,1.9812E+01,5.5319E+00,-1.2041E-02,1.2058E-02,2.4155E-02,1.6145E-02,1.8704E-02,2.9294E-02,0.0000E+00,4.0000E+00,4.3911E-02,0.0000E+00,0.0000E+00,0.0000E+00
13,4.1400E+02,8.5700E+02,-1.5768E-01,7.7242E-01,1.9812E+01,5.5319E+00,-1.2041E-02,1.2116E-02,2.4267E-02,9.5295E-03,2.0151E-02,3.1717E-02,0.0000E+00,4.0000E+00,4.7308E-02,0.0000E+00,0.0000E+00,0.0000E+00
14,4.1400E+02,8.5700E+02,-8.9260E-02,7.2650E-01,1.9812E+01,5.5319E+00,-1.2041E-02,6.5943E-03,2.3340E-02,6.1883E-03,2.0717E-02,3.4073E-02,0.0000E+00,4.0000E+00,4.8638E-02,0.0000E+00,0.0000E+00,0.0000E+00
15,4.1400E+02,8.5700E+02,-1.0362E-01,7.3023E-01,1.9812E+01,5.5319E+00,-1.2041E-02,7.8363E-03,2.4391E-02,1.4734E-02,2.1407E-02,3.2705E-02,0.0000E+00,4.0000E+00,5.0258E-02,0.0000E+00,0.0000E+00,0.0000E+00
16,4.1400E+02,8.5700E+02,-1.0889E+00,-3.7327E-01,1.9812E+01,5.5319E+00,-1.2041E-02,9.3343E-02,1.2490E-02,7.1699E-01,1.9509E-02,3.3611E-02,0.0000E+00,4.0000E+00,4.5801E-02,0.0000E+00,0.0000E+00,0.0000E+00
17,4.1400E+02,8.5700E+02,-2.6759E+00,-2.4268E+00,1.9812E+01,5.5319E+00,-1.2041E-02,2.3145E-01,-1.3190E-02,2.0015E+00,2.1249E-02,3.0110E-02,0.0000E+00,4.0000E+00,4.9886E-02,0.0000E+00,0.0000E+00,0.0000E+00
18,4.1400E+02,8.5700E+02,-3.9416E+00,-4.1652E+00,1.9812E+01,5.5319E+00,-1.2041E-02,3.4053E-01,-3.8174E-02,2.9207E+00,2.3604E-02,4.4526E-02,0.0000E+00,4.0000E+00,5.5414E-02,0.0000E+00,0.0000E+00,0.0000E+00
19,4.1400E+02,8.5700E+02,-4.8238E+00,-5.6349E+00,1.9812E+01,5.5319E+00,-1.2041E-02,4.1743E-01,-5.9234E-02,3.7542E+00,1.9344E-02,3.5588E-02,0.0000E+00,4.0000E+00,4.5414E-02,0.0000E+00,0.0000E+00,0.0000E+00
20,4.1400E+02,8.5700E+02,-6.1865E+00,-7.4727E+00,1.9812E+01,5.5319E+00,-1.2041E-02,5.3414E-01,-8.2365E-02,4.8103E+00,2.0223E-02,3.4272E-02,0.0000E+00,4.0000E+00,4.7477E-02,0.0000E+00,0.0000E+00,0.0000E+00
21,4.1400E+02,8.5700E+02,-7.5225E+00,-9.0434E+00,1.9812E+01,5.5319E+00,-1.2041E-02,6.4759E-01,-9.8194E-02,5.8217E+00,1.9049E-02,3.5141E-02,0.0000E+00,4.0000E+00,4.4722E-02,0.0000E+00,0.0000E+00,0.0000E+00
22,4.1400E+02,8.5700E+02,-9.4371E+00,-1.1359E+01,1.9812E+01,5.5319E+00,-1.2041E-02,8.0873E-01,-1.2663E-01,7.1629E+00,1.8113E-02,3.2644E-02,0.0000E+00,4.0000E+00,4.2524E-02,0.0000E+00,0.0000E+00,0.0000E+00
23,4.1400E+02,8.5700E+02,-1.0930E+01,-1.3271E+01,1.9812E+01,5.5319E+00,-1.2041E-02,9.3384E-01,-1.5108E-01,8.2573E+00,1.6536E-02,3.3244E-02,0.0000E+00,4.0000E+00,3.8822E-02,0.0000E+00,0.0000E+00,0.0000E+00
24,4.1400E+02,8.5700E+02,-1.2412E+01,-1.5149E+01,1.9812E+01,5.5319E+00,-1.2041E-02,1.0574E+00,-1.7241E-01,9.3831E+00,1.5803E-02,3.3816E-02,0.0000E+00,4.0000E+00,3.7101E-02,0.0000E+00,0.0000E+00,0.0000E+00
25,4.1400E+02,8.5700E+02,-1.3632E+01,-1.6621E+01,1.9812E+01,5.5319E+00,-1.2041E-02,1.1582E+00,-1.9049E-01,1.0208E+01,1.2962E-02,3.1356E-02,0.0000E+00,4.0000E+00,3.0430E-02,0.0000E+00,0.0000E+00,0.0000E+00
26,4.1400E+02,8.5700E+02,-1.2054E+01,-1.4768E+01,1.9812E+01,5.5319E+00,-1.2041E-02,1.0277E+00,-1.6973E-01,9.0995E+00,1.5905E-02,3.6790E-02,0.0000E+00,4.0000E+00,3.7341E-02,0.0000E+00,0.0000E+00,0.0000E+00
27,4.1400E+02,8.5700E+02,-1.0519E+01,-1.2789E+01,1.9812E+01,5.5319E+00,-1.2041E-02,8.9957E-01,-1.4498E-01,7.9800E+00,1.4860E-02,3.2312E-02,0.0000E+00,4.0000E+00,3.4887E-02,0.0000E+00,0.0000E+00,0.0000E+00
28,4.1400E+02,8.5700E+02,-9.1814E+00,-1.0940E+01,1.9812E+01,5.5319E+00,-1.2041E-02,7.8719E-01,-1.1677E-01,6.9594E+00,1.8444E-02,3.8166E-02,0.0000E+00,4.0000E+00,4.3302E-02,0.0000E+00,0.0000E+00,0.0000E+00
29,4.1400E+02,8.5700E+02,-7.6399E+00,-9.1162E+00,1.9812E+01,5.5319E+00,-1.2041E-02,6.5764E-01,-9.6622E-02,5.9508E+00,1.8840E-02,3.5590E-02,0.0000E+00,4.0000E+00,4.4230E-02,0.0000E+00,0.0000E+00,0.0000E+00
30,4.1400E+02,8.5700E+02,-6.1273E+00,-7.2322E+00,1.9812E+01,5.5319E+00,-1.2041E-02,5.2906E-01,-7.6468E-02,4.8031E+00,2.1793E-02,3.9059E-02,0.0000E+00,4.0000E+00,5.1164E-02,0.0000E+00,0.0000E+00,0.0000E+00
31,4.1400E+02,8.5700E+02,-4.8272E+00,-5.2216E+00,1.9812E+01,5.5319E+00,-1.2041E-02,4.1720E-01,-4.7777E-02,3.7425E+00,2.0986E-02,3.4602E-02,0.0000E+00,4.0000E+00,4.9270E-02,0.0000E+00,0.0000E+00,0.0000E+00
32,4.1400E+02,8.5700E+02,-3.8223E+00,-3.6783E+00,1.9812E+01,5.5319E+00,-1.2041E-02,3.3016E-01,-2.5187E-02,2.8771E+00,2.3311E-02,3.3538E-02,0.0000E+00,4.0000E+00,5.4727E-02,0.0000E+00,0.0000E+00,0.0000E+00
33,4.1400E+02,8.5700E+02,-2.9738E+00,-2.3152E+00,1.9812E+01,5.5319E+00,-1.2041E-02,2.5592E-01,-7.0617E-03,2.0863E+00,2.0879E-02,3.2844E-02,0.0000E+00,4.0000E+00,4.9018E-02,0.0000E+00,0.0000E+00,0.0000E+00
34,4.1400E+02,8.5700E+02,-1.7596E+00,-5.0997E-01,1.9812E+01,5.5319E+00,-1.2041E-02,1.4949E-01,1.4724E-02,9.9457E-01,2.0069E-02,3.1731E-02,0.0000E+00,4.0000E+00,4.7116E-02,0.0000E+00,0.0000E+00,0.0000E+00
35,4.1400E+02,8.5700E+02,-5.1577E-01,1.0628E+00,1.9812E+01,5.5319E+00,-1.2041E-02,4.1586E-02,3.5574E-02,1.1647E-01,2.2128E-02,3.3268E-02,0.0000E+00,4.0000E+00,5.1949E-02,0.0000E+00,0.0000E+00,0.0000E+00
36,4.1400E+02,8.5700E+02,-4.6102E-01,1.1783E+00,1.9812E+01,5.5319E+00,-1.2041E-02,3.6868E-02,3.8738E-02,8.9916E-02,2.2598E-02,2.8182E-02,0.0000E+00,4.0000E+00,5.3054E-02,0.0000E+00,0.0000E+00,0.0000E+00
37,4.1400E+02,8.5700E+02,-4.3871E-01,1.1246E+00,1.9812E+01,5.5319E+00,-1.2041E-02,3.5088E-02,3.7315E-02,8.4388E-02,2.4271E-02,3.4091E-02,0.0000E+00,4.0000E+00,5.6982E-02,0.0000E+00,0.0000E+00,0.0000E+00
38,4.1400E+02,8.5700E+02,-4.4995E-01,1.2145E+00,1.9812E+01,5.5319E+00,-1.2041E-02,3.5902E-02,3.9076E-02,8.9383E-02,2.1226E-02,2.9150E-02,0.0000E+00,4.0000E+00,4.9834E-02,0.0000E+00,0.0000E+00,0.0000E+00
39,4.1400E+02,8.5700E+02,-4.6796E-01,1.2348E+00,1.9812E+01,5.5319E+00,-1.2041E-02,3.7380E-02,4.0745E-02,8.8687E-02,2.2919E-02,2.7762E-02,0.0000E+00,4.0000E+00,5.3806E-02,0.0000E+00,0.0000E+00,0.0000E+00
40,4.1400E+02,8.5700E+02,-4.8561E-01,1.2833E+00,1.9812E+01,5.5319E+00,-1.2041E-02,3.8755E-02,4.1838E-02,8.9043E-02,2.1724E-02,3.0475E-02,0.0000E+00,4.0000E+00,5.1002E-02,0.0000E+00,0.0000E+00,0.0000E+00
41,4.1400E+02,8.5700E+02,-6.3144E-01,1.5297E+00,1.9812E+01,5.5319E+00,-1.2041E-02,5.0375E-02,4.9904E-02,8.5839E-02,2.1001E-02,2.9423E-02,0.0000E+00,4.0000E+00,4.9304E-02,0.0000E+00,0.0000E+00,0.0000E+00
42,4.1400E+02,8.5700E+02,-6.3836E-01,1.5921E+00,1.9812E+01,5.5319E+00,-1.2041E-02,5.0930E-02,5.2711E-02,9.0285E-02,2.1777E-02,2.9341E-02,0.0000E+00,4.0000E+00,5.1126E-02,0.0000E+00,0.0000E+00,0.0000E+00
43,4.1400E+02,8.5700E+02,-5.9047E-01,1.5041E+00,1.9812E+01,5.5319E+00,-1.2041E-02,4.7029E-02,4.8116E-02,8.5132E-02,2.0676E-02,2.8642E-02,0.0000E+00,4.0000E+00,4.8541E-02,0.0000E+00,0.0000E+00,0.0000E+00
44,4.1400E+02,8.5700E+02,-6.0281E-01,1.5544E+00,1.9812E+01,5.5319E+00,-1.2041E-02,4.8079E-02,5.1000E-02,9.4925E-02,2.1676E-02,2.6145E-02,0.0000E+00,4.0000E+00,5.0890E-02,0.0000E+00,0.0000E+00,0.0000E+00
45,4.1400E+02,8.5700E+02,-6.0251E-01,1.5524E+00,1.9812E+01,5.5319E+00,-1.2041E-02,4.8074E-02,5.0754E-02,9.9657E-02,1.8710E-02,2.7403E-02,0.0000E+00,4.0000E+00,4.3926E-02,0.0000E+00,0.0000E+00,0.0000E+00
46,4.1400E+02,8.5700E+02,-6.1698E-01,1.5891E+00,1.9812E+01,5.5319E+00,-1.2041E-02,4.9147E-02,5.0190E-02,9.7885E-02,2.2984E-02,2.8452E-02,0.0000E+00,4.0000E+00,5.3960E-02,0.0000E+00,0.0000E+00,0.0000E+00
47,4.1400E+02,8.5700E+02,-5.9238E-01,1.6302E+00,1.9812E+01,5.5319E+00,-1.2041E-02,4.6996E-02,5.0472E-02,8.3006E-02,1.9778E-02,2.8912E-02,0.0000E+00,4.0000E+00,4.6432E-02,0.0000E+00,0.0000E+00,0.0000E+00
48,4.1400E+02,8.5700E+02,-6.0322E-01,1.6889E+00,1.9812E+01,5.5319E+00,-1.2041E-02,4.7846E-02,5.2773E-02,8.4924E-02,1.9091E-02,2.8250E-02,0.0000E+00,4.0000E+00,4.4820E-02,0.0000E+00,0.0000E+00,0.0000E+00
49,4.1400E+02,8.5700E+02,-6.1043E-01,1.5944E+00,1.9812E+01,5.5319E+00,-1.2041E-02,4.8618E-02,5.1037E-02,9.5014E-02,1.9557E-02,2.8346E-02,0.0000E+00,4.0000E+00,4.5914E-02,0.0000E+00,0.0000E+00,0.0000E+00
50,4.1400E+02,8.5700E+02,-6.2462E-01,1.6875E+00,1.9812E+01,5.5319E+00,-1.2041E-02,4.9707E-02,5.5012E-02,9.2767E-02,2.2054E-02,2.8869E-02,0.0000E+00,4.0000E+00,5.1777E-02,0.0000E+00,0.0000E+00,0.0000E+00
51,4.1400E+02,8.5700E+02,-8.2620E-01,1.8135E+00,1.9812E+01,5.5319E+00,-1.2041E-02,6.6013E-02,6.0288E-02,8.9367E-02,2.3338E-02,3.1969E-02,0.0000E+00,4.0000E+00,5.4791E-02,0.0000E+00,0.0000E+00,0.0000E+00
52,4.1400E+02,8.5700E+02,-7.6540E-01,1.8743E+00,1.9812E+01,5.5319E+00,-1.2041E-02,6.0942E-02,6.1107E-02,8.3592E-02,2.3480E-02,3.4014E-02,0.0000E+00,4.0000E+00,5.5125E-02,0.0000E+00,0.0000E+00,0.0000E+00
