FRAME,COORDINATE_X,COORDINATE_Y,DISPLACEMENT_X,DISPLACEMENT_Y,MODEL_COORDINATES_X,MODEL_COORDINATES_Y,MODEL_COORDINATES_Z,MODEL_DISPLACEMENT_X,MODEL_DISPLACEMENT_Y,MODEL_DISPLACEMENT_Z,SIGMA,GAMMA,BETA,STATUS_FLAG,UNCERTAINTY,VSG_STRAIN_XX,VSG_STRAIN_YY,VSG_STRAIN_XY
0,4.4200E+02,5.4800E+02,-1.5822E-02,-2.0174E-02,2.3785E+01,-1.0896E+01,-7.3130E-02,8.8277E-04,5.0850E-04,1.0186E-02,2.3930E-02,4.5892E-02,0.0000E+00,4.0000E+00,7.2324E-02,0.0000E+00,0.0000E+00,0.0000E+00
1,4.4200E+02,5.4800E+02,2.4179E-01,-1.4935E-01,2.3785E+01,-1.0896E+01,-7.3130E-02,-2.7049E-02,-5.5532E-03,-1.2955E-03,2.4953E-02,4.7098E-02,0.0000E+00,4.0000E+00,7.5414E-02,0.0000E+00,0.0000E+00,0.0000E+00
2,4.4200E+02,5.4800E+02,2.1021E-01,-1.3570E-01,2.3785E+01,-1.0896E+01,-7.3130E-02,-2.4289E-02,-2.4616E-03,7.2637E-03,2.4996E-02,4.2838E-02,0.0000E+00,4.0000E+00,7.5547E-02,0.0000E+00,0.0000E+00,0.0000E+00
3,4.4200E+02,5.4800E+02,2.3615E-01,-1.2272E-01,2.3785E+01,-1.0896E+01,-7.3130E-02,-2.5302E-02,-2.1703E-03,-1.5318E-02,2.5784E-02,4.3468E-02,0.0000E+00,4.0000E+00,7.7928E-02,0.0000E+00,0.0000E+00,0.0000E+00
4,4.4200E+02,5.4800E+02,2.3084E-01,-7.2335E-02,2.3785E+01,-1.0896E+01,-7.3130E-02,-2.5522E-02,-4.3177E-04,-5.3500E-03,2.4128E-02,4.7336E-02,0.0000E+00,4.0000E+00,7.2923E-02,0.0000E+00,0.0000E+00,0.0000E+00
5,4.4200E+02,5.4800E+02,2.1497E-01,-7.2116E-02,2.3785E+01,-1.0896E+01,-7.3130E-02,-2.4652E-02,-7.3821E-04,5.6460E-03,2.4072E-02,4.7104E-02,0.0000E+00,4.0000E+00,7.2754E-02,0.0000E+00,0.0000E+00,0.0000E+00
6,4.4200E+02,5.4800E+02,2.2364E-01,-1.0340E-01,2.3785E+01,-1.0896E+01,-7.3130E-02,-2.5417E-02,1.8716E-04,2.3816E-03,2.3069E-02,4.7388E-02,0.0000E+00,4.0000E+00,6.9723E-02,0.0000E+00,0.0000E+00,0.0000E+00
7,4.4200E+02,5.4800E+02,2.1699E-01,-1.1784E-01,2.3785E+01,-1.0896E+01,-7.3130E-02,-2.5174E-02,-1.8724E-04,8.3064E-03,2.6166E-02,4.5778E-02,0.0000E+00,4.0000E+00,7.9081E-02,0.0000E+00,0.0000E+00,0.0000E+00
8,4.4200E+02,5.4800E+02,2.2899E-01,-2.6630E-02,2.3785E+01,-1.0896E+01,-7.3130E-02,-2.4663E-02,-2.0441E-04,-1.2512E-02,2.5004E-02,4.3336E-02,0.0000E+00,4.0000E+00,7.5569E-02,0.0000E+00,0.0000E+00,0.0000E+00
9,4.4200E+02,5.4800E+02,1.7900E-01,-1.0386E-01,2.3785E+01,-1.0896E+01,-7.3130E-02,-2.1956E-02,1.9960E-03,2.0286E-02,2.5708E-02,4.9614E-02,0.0000E+00,4.0000E+00,7.7697E-02,0.0000E+00,0.0000E+00,0.0000E+00
10,4.4200E+02,5.4800E+02,1.8249E-01,-9.3609E-02,2.3785E+01,-1.0896E+01,-7.3130E-02,-2.1876E-02,2.5206E-03,1.4627E-02,2.5690E-02,4.8014E-02,0.0000E+00,4.0000E+00,7.7642E-02,0.0000E+00,0.0000E+00,0.0000E+00
11,4.4200E+02,5.4800E+02,1.8563E-01,-6.5817E-02,2.3785E+01,-1.0896E+01,-7.3130E-02,-2.2173E-02,4.5168E-03,1.3757E-02,2.5091E-02,4.7056E-02,0.0000E+00,4.0000E+00,7.5833E-02,0.0000E+00,0.0000E+00,0.0000E+00
12,4.4200E+02,5.4800E+02,1.8379E-01,-3.2991E-02,2.3785E+01,-1.0896E+01,-7.3130E-02,-2.1504E-02,3.6179E-03,9.0076E-03,2.4730E-02,5.0209E-02,0.0000E+00,4.0000E+00,7.4743E-02,0.0000E+00,0.0000E+00,0.0000E+00
13,4.4200E+02,5.4800E+02,1.8308E-01,-6.0507E-02,2.3785E+01,-1.0896E+01,-7.3130E-02,-1.9735E-02,1.2527E-04,-1.0513E-02,2.6014E-02,4.3917E-02,0.0000E+00,4.0000E+00,7.8622E-02,0.0000E+00,0.0000E+00,0.0000E+00
14,4.4200E+02,5.4800E+02,2.2045E-01,-9.6099E-03,2.3785E+01,-1.0896E+01,-7.3130E-02,-2.3889E-02,2.9508E-03,-1.1064E-02,2.3434E-02,4.6804E-02,0.0000E+00,4.0000E+00,7.0824E-02,0.0000E+00,0.0000E+00,0.0000E+00
15,4.4200E+02,5.4800E+02,1.8407E-01,-1.3604E-02,2.3785E+01,-1.0896E+01,-7.3130E-02,-2.0829E-02,5.3187E-03,3.0703E-04,2.5443E-02,4.6157E-02,0.0000E+00,4.0000E+00,7.6897E-02,0.0000E+00,0.0000E+00,0.0000E+00
16,4.4200E+02,5.4800E+02,1.9806E-01,-1.9727E-03,2.3785E+01,-1.0896E+01,-7.3130E-02,-2.2787E-02,5.9461E-03,4.9390E-03,2.2870E-02,5.1157E-02,0.0000E+00,4.0000E+00,6.9121E-02,0.0000E+00,0.0000E+00,0.0000E+00
17,4.4200E+02,5.4800E+02,1.7091E-01,-1.2505E-02,2.3785E+01,-1.0896E+01,-7.3130E-02,-2.0835E-02,7.3776E-03,1.7401E-02,2.8085E-02,4.7924E-02,0.0000E+00,4.0000E+00,8.4883E-02,0.0000E+00,0.0000E+00,0.0000E+00
18,4.4200E+02,5.4800E+02,2.2856E-01,-5.7701E-02,2.3785E+01,-1.0896E+01,-7.3130E-02,-2.5884E-02,3.3351E-03,1.0539E-03,2.4834E-02,4.9557E-02,0.0000E+00,4.0000E+00,7.5055E-02,0.0000E+00,0.0000E+00,0.0000E+00
19,4.4200E+02,5.4800E+02,2.0082E-01,1.6234E-03,2.3785E+01,-1.0896E+01,-7.3130E-02,-2.1958E-02,4.1021E-03,-8.0238E-03,2.9716E-02,4.7053E-02,0.0000E+00,4.0000E+00,8.9811E-02,0.0000E+00,0.0000E+00,0.0000E+00
20,4.4200E+02,5.4800E+02,1.8675E-01,-1.5008E-02,2.3785E+01,-1.0896E+01,-7.3130E-02,-2.2684E-02,7.4680E-03,1.8210E-02,2.2684E-02,4.8930E-02,0.0000E+00,4.0000E+00,6.8559E-02,0.0000E+00,0.0000E+00,0.0000E+00
21,4.4200E+02,5.4800E+02,2.1429E-01,2.7431E-02,2.3785E+01,-1.0896E+01,-7.3130E-02,-2.4095E-02,6.9100E-03,-1.0457E-03,2.6303E-02,4.8914E-02,0.0000E+00,4.0000E+00,7.9495E-02,0.0000E+00,0.0000E+00,0.0000E+00
22,4.4200E+02,5.4800E+02,2.1209E-01,-2.3735E-02,2.3785E+01,-1.0896E+01,-7.3130E-02,-2.3734E-02,6.0001E-03,-2.8917E-03,2.5588E-02,4.4034E-02,0.0000E+00,4.0000E+00,7.7334E-02,0.0000E+00,0.0000E+00,0.0000E+00
23,4.4200E+02,5.4800E+02,2.1464E-01,1.2046E-02,2.3785E+01,-1.0896E+01,-7.3130E-02,-2.3348E-02,4.5784E-03,-9.9347E-03,2.4872E-02,5.1438E-02,0.0000E+00,4.0000E+00,7.5172E-02,0.0000E+00,0.0000E+00,0.0000E+00
24,4.4200E+02,5.4800E+02,1.9618E-01,-4.5347E-03,2.3785E+01,-1.0896E+01,-7.3130E-02,-2.2555E-02,8.7075E-03,3.7737E-03,2.3788E-02,4.7973E-02,0.0000E+00,4.0000E+00,7.1895E-02,0.0000E+00,0.0000E+00,0.0000E+00
25,4.4200E+02,5.4800E+02,1.9897E-01,7.9043E-03,2.3785E+01,-1.0896E+01,-7.3130E-02,-2.2558E-02,7.1186E-03,7.4989E-04,2.4987E-02,4.4614E-02,0.0000E+00,4.0000E+00,7.5517E-02,0.0000E+00,0.0000E+00,0.0000E+00
26,4.4200E+02,5.4800E+02,1.8948E-01,3.4040E-02,2.3785E+01,-1.0896E+01,-7.3130E-02,-2.1567E-02,9.1173E-03,1.3984E-03,2.5006E-02,4.3980E-02,0.0000E+00,4.0000E+00,7.5576E-02,0.0000E+00,0.0000E+00,0.0000E+00
27,4.4200E+02,5.4800E+02,-2.3781E-01,-6.3093E-01,2.3785E+01,-1.0896E+01,-7.3130E-02,-8.0173E-03,1.8715E-02,3.9891E-01,2.7245E-02,4.0357E-02,0.0000E+00,4.0000E+00,8.2343E-02,0.0000E+00,0.0000E+00,0.0000E+00
28,4.4200E+02,5.4800E+02,-1.1643E+00,-1.7052E+00,2.3785E+01,-1.0896E+01,-7.3130E-02,3.4407E-02,4.3973E-02,1.1067E+00,2.6585E-02,4.7977E-02,0.0000E+00,4.0000E+00,8.0347E-02,0.0000E+00,0.0000E+00,0.0000E+00
29,4.4200E+02,5.4800E+02,-1.8182E+00,-3.2962E+00,2.3785E+01,-1.0896E+01,-7.3130E-02,3.4342E-02,5.8288E-02,1.9498E+00,2.4604E-02,4.8638E-02,0.0000E+00,4.0000E+00,7.4361E-02,0.0000E+00,0.0000E+00,0.0000E+00
30,4.4200E+02,5.4800E+02,-2.4261E+00,-4.6327E+00,2.3785E+01,-1.0896E+01,-7.3130E-02,3.7348E-02,6.9264E-02,2.6979E+00,2.4826E-02,4.3590E-02,0.0000E+00,4.0000E+00,7.5033E-02,0.0000E+00,0.0000E+00,0.0000E+00
31,4.4200E+02,5.4800E+02,-3.0106E+00,-5.9321E+00,2.3785E+01,-1.0896E+01,-7.3130E-02,4.2991E-02,8.1283E-02,3.3815E+00,2.7464E-02,5.4485E-02,0.0000E+00,4.0000E+00,8.3004E-02,0.0000E+00,0.0000E+00,0.0000E+00
32,4.4200E+02,5.4800E+02,-3.7244E+00,-7.5143E+00,2.3785E+01,-1.0896E+01,-7.3130E-02,5.5129E-02,9.5309E-02,4.1519E+00,2.6362E-02,4.4394E-02,0.0000E+00,4.0000E+00,7.9675E-02,0.0000E+00,0.0000E+00,0.0000E+00
33,4.4200E+02,5.4800E+02,-4.4192E+00,-8.8252E+00,2.3785E+01,-1.0896E+01,-7.3130E-02,6.5309E-02,1.1676E-01,4.9195E+00,2.6617E-02,4.8019E-02,0.0000E+00,4.0000E+00,8.0446E-02,0.0000E+00,0.0000E+00,0.0000E+00
34,4.4200E+02,5.4800E+02,-5.1835E+00,-1.0435E+01,2.3785E+01,-1.0896E+01,-7.3130E-02,7.7575E-02,1.3244E-01,5.7484E+00,2.4968E-02,4.5597E-02,0.0000E+00,4.0000E+00,7.5462E-02,0.0000E+00,0.0000E+00,0.0000E+00
35,4.4200E+02,5.4800E+02,-5.8500E+00,-1.1962E+01,2.3785E+01,-1.0896E+01,-7.3130E-02,8.5163E-02,1.4191E-01,6.5047E+00,2.5339E-02,4.9482E-02,0.0000E+00,4.0000E+00,7.6581E-02,0.0000E+00,0.0000E+00,0.0000E+00
36,4.4200E+02,5.4800E+02,-6.5589E+00,-1.3566E+01,2.3785E+01,-1.0896E+01,-7.3130E-02,9.3272E-02,1.5548E-01,7.3054E+00,2.5871E-02,4.3468E-02,0.0000E+00,4.0000E+00,7.8189E-02,0.0000E+00,0.0000E+00,0.0000E+00
37,4.4200E+02,5.4800E+02,-7.2321E+00,-1.5025E+01,2.3785E+01,-1.0896E+01,-7.3130E-02,9.2752E-02,1.7413E-01,8.1588E+00,2.3684E-02,4.4553E-02,0.0000E+00,4.0000E+00,7.1580E-02,0.0000E+00,0.0000E+00,0.0000E+00
38,4.4200E+02,5.4800E+02,-8.0556E+00,-1.6691E+01,2.3785E+01,-1.0896E+01,-7.3130E-02,1.1212E-01,1.8634E-01,8.9696E+00,2.1634E-02,4.7692E-02,0.0000E+00,4.0000E+00,6.5385E-02,0.0000E+00,0.0000E+00,0.0000E+00
39,4.4200E+02,5.4800E+02,-8.8009E+00,-1.8381E+01,2.3785E+01,-1.0896E+01,-7.3130E-02,1.2188E-01,1.9799E-01,9.7886E+00,2.4313E-02,4.7765E-02,0.0000E+00,4.0000E+00,7.3480E-02,0.0000E+00,0.0000E+00,0.0000E+00
40,4.4200E+02,5.4800E+02,-9.4287E+00,-1.9897E+01,2.3785E+01,-1.0896E+01,-7.3130E-02,1.2340E-01,2.1204E-01,1.0552E+01,2.2473E-02,4.1030E-02,0.0000E+00,4.0000E+00,6.7921E-02,0.0000E+00,0.0000E+00,0.0000E+00
41,4.4200E+02,5.4800E+02,-8.8329E+00,-1.8552E+01,2.3785E+01,-1.0896E+01,-7.3130E-02,1.2193E-01,1.9471E-01,9.8278E+00,2.1816E-02,5.0414E-02,0.0000E+00,4.0000E+00,6.5935E-02,0.0000E+00,0.0000E+00,0.0000E+00
42,4.4200E+02,5.4800E+02,-8.1351E+00,-1.6895E+01,2.3785E+01,-1.0896E+01,-7.3130E-02,1.1403E-01,1.8411E-01,9.0476E+00,2.2185E-02,4.7662E-02,0.0000E+00,4.0000E+00,6.7051E-02,0.0000E+00,0.0000E+00,0.0000E+00
43,4.4200E+02,5.4800E+02,-7.4929E+00,-1.5472E+01,2.3785E+01,-1.0896E+01,-7.3130E-02,1.0692E-01,1.7301E-01,8.3243E+00,2.5276E-02,4.4889E-02,0.0000E+00,4.0000E+00,7.6391E-02,0.0000E+00,0.0000E+00,0.0000E+00
44,4.4200E+02,5.4800E+02,-6.7351E+00,-1.3975E+01,2.3785E+01,-1.0896E+01,-7.3130E-02,9.4946E-02,1.5669E-01,7.5084E+00,2.6247E-02,4.8694E-02,0.0000E+00,4.0000E+00,7.9326E-02,0.0000E+00,0.0000E+00,0.0000E+00
45,4.4200E+02,5.4800E+02,-6.0677E+00,-1.2385E+01,2.3785E+01,-1.0896E+01,-7.3130E-02,8.9332E-02,1.4652E-01,6.7321E+00,2.2274E-02,5.0154E-02,0.0000E+00,4.0000E+00,6.7319E-02,0.0000E+00,0.0000E+00,0.0000E+00
46,4.4200E+02,5.4800E+02,-5.3086E+00,-1.0704E+01,2.3785E+01,-1.0896E+01,-7.3130E-02,7.6559E-02,1.3562E-01,5.9192E+00,2.3713E-02,4.7170E-02,0.0000E+00,4.0000E+00,7.1668E-02,0.0000E+00,0.0000E+00,0.0000E+00
47,4.4200E+02,5.4800E+02,-4.6882E+00,-9.4189E+00,2.3785E+01,-1.0896E+01,-7.3130E-02,6.5961E-02,1.2492E-01,5.2538E+00,2.5801E-02,4.9447E-02,0.0000E+00,4.0000E+00,7.7980E-02,0.0000E+00,0.0000E+00,0.0000E+00
48,4.4200E+02,5.4800E+02,-3.9275E+00,-7.9281E+00,2.3785E+01,-1.0896E+01,-7.3130E-02,5.6913E-02,1.0152E-01,4.3903E+00,2.4625E-02,4.9345E-02,0.0000E+00,4.0000E+00,7.4424E-02,0.0000E+00,0.0000E+00,0.0000E+00
49,4.4200E+02,5.4800E+02,-3.2797E+00,-6.4753E+00,2.3785E+01,-1.0896E+01,-7.3130E-02,5.0839E-02,8.6618E-02,3.6343E+00,2.5580E-02,4.4835E-02,0.0000E+00,4.0000E+00,7.7312E-02,0.0000E+00,0.0000E+00,0.0000E+00
50,4.4200E+02,5.4800E+02,-2.6689E+00,-5.1013E+00,2.3785E+01,-1.0896E+01,-7.3130E-02,4.4429E-02,7.4806E-02,2.9267E+00,2.6655E-02,4.6130E-02,0.0000E+00,4.0000E+00,8.0560E-02,0.0000E+00,0.0000E+00,0.0000E+00
51,4.4200E+02,5.4800E+02,-2.1627E+00,-3.9218E+00,2.3785E+01,-1.0896E+01,-7.3130E-02,4.3383E-02,6.8029E-02,2.2876E+00,2.6838E-02,5.0001E-02,0.0000E+00,4.0000E+00,8.1114E-02,0.0000E+00,0.0000E+00,0.0000E+00
52,4.4200E+02,5.4800E+02,-1.4476E+00,-2.2679E+00,2.3785E+01,-1.0896E+01,-7.3130E-02,3.6883E-02,5.0385E-02,1.4443E+00,2.3481E-02,4.0201E-02,0.0000E+00,4.0000E+00,7.0967E-02,0.0000E+00,0.0000E+00,0.0000E+00
53,4.4200E+02,5.4800E+02,-8.1980E-01,-9.5262E-01,2.3785E+01,-1.0896E+01,-7.3130E-02,3.4314E-02,3.6863E-02,6.6134E-01,2.3078E-02,5.3353E-02,0.0000E+00,4.0000E+00,6.9748E-02,0.0000E+00,0.0000E+00,0.0000E+00
54,4.4200E+02,5.4800E+02,-2.3168E-01,4.1827E-01,2.3785E+01,-1.0896E+01,-7.3130E-02,2.1146E-02,3.1150E-02,5.4203E-02,2.7053E-02,4.0623E-02,0.0000E+00,4.0000E+00,8.1763E-02,0.0000E+00,0.0000E+00,0.0000E+00
55,4.4200E+02,5.4800E+02,-2.2136E-01,4.3426E-01,2.3785E+01,-1.0896E+01,-7.3130E-02,2.1075E-02,3.2356E-02,4.1067E-02,2.2127E-02,4.0568E-02,0.0000E+00,4.0000E+00,6.6875E-02,0.0000E+00,0.0000E+00,0.0000E+00
56,4.4200E+02,5.4800E+02,-2.3417E-01,3.8664E-01,2.3785E+01,-1.0896E+01,-7.3130E-02,2.1171E-02,3.1603E-02,5.6601E-02,2.4483E-02,4.2440E-02,0.0000E+00,4.0000E+00,7.3994E-02,0.0000E+00,0.0000E+00,0.0000E+00
57,4.4200E+02,5.4800E+02,-2.3005E-01,4.1423E-01,2.3785E+01,-1.0896E+01,-7.3130E-02,2.1509E-02,3.0967E-02,4.7667E-02,2.4220E-02,3.7187E-02,0.0000E+00,4.0000E+00,7.3202E-02,0.0000E+00,0.0000E+00,0.0000E+00
58,4.4200E+02,5.4800E+02,-2.3762E-01,4.1077E-01,2.3785E+01,-1.0896E+01,-7.3130E-02,2.1899E-02,3.1629E-02,5.2893E-02,2.7166E-02,4.2089E-02,0.0000E+00,4.0000E+00,8.2105E-02,0.0000E+00,0.0000E+00,0.0000E+00
59,4.4200E+02,5.4800E+02,-2.2513E-01,4.5524E-01,2.3785E+01,-1.0896E+01,-7.3130E-02,2.0051E-02,3.3355E-02,5.8366E-02,2.5892E-02,4.4426E-02,0.0000E+00,4.0000E+00,7.8255E-02,0.0000E+00,0.0000E+00,0.0000E+00
60,4.4200E+02,5.4800E+02,-2.5267E-01,3.9331E-01,2.3785E+01,-1.0896E+01,-7.3130E-02,2.3319E-02,3.2729E-02,5.5454E-02,2.7149E-02,4.2956E-02,0.0000E+00,4.0000E+00,8.2053E-02,0.0000E+00,0.0000E+00,0.0000E+00
61,4.4200E+02,5.4800E+02,-2.2483E-01,4.2849E-01,2.3785E+01,-1.0896E+01,-7.3130E-02,2.1076E-02,3.2169E-02,4.5676E-02,2.7000E-02,4.2057E-02,0.0000E+00,4.0000E+00,8.1602E-02,0.0000E+00,0.0000E+00,0.0000E+00
62,4.4200E+02,5.4800E+02,-2.2451E-01,3.7817E-01,2.3785E+01,-1.0896E+01,-7.3130E-02,2.0711E-02,3.1910E-02,4.8914E-02,2.3685E-02,3.9821E-02,0.0000E+00,4.0000E+00,7.1583E-02,0.0000E+00,0.0000E+00,0.0000E+00
63,4.4200E+02,5.4800E+02,-2.4875E-01,4.1796E-01,2.3785E+01,-1.0896E+01,-7.3130E-02,2.1803E-02,3.5087E-02,6.7949E-02,2.6710E-02,3.8463E-02,0.0000E+00,4.0000E+00,8.0725E-02,0.0000E+00,0.0000E+00,0.0000E+00
64,4.4200E+02,5.4800E+02,-2.4588E-01,4.1734E-01,2.3785E+01,-1.0896E+01,-7.3130E-02,2.2445E-02,3.4056E-02,5.6749E-02,2.4299E-02,4.1060E-02,0.0000E+00,4.0000E+00,7.3440E-02,0.0000E+00,0.0000E+00,0.0000E+00
65,4.4200E+02,5.4800E+02,-2.3657E-01,3.7061E-01,2.3785E+01,-1.0896E+01,-7.3130E-02,2.0807E-02,3.2710E-02,6.3570E-02,2.6031E-02,4.0141E-02,0.0000E+00,4.0000E+00,7.8673E-02,0.0000E+00,0.0000E+00,0.0000E+00
66,4.4200E+02,5.4800E+02,-2.3452E-01,4.5720E-01,2.3785E+01,-1.0896E+01,-7.3130E-02,2.2291E-02,3.5494E-02,4.3515E-02,2.4520E-02,3.6661E-02,0.0000E+00,4.0000E+00,7.4108E-02,0.0000E+00,0.0000E+00,0.0000E+00
67,4.4200E+02,5.4800E+02,-2.1431E-01,3.6287E-01,2.3785E+01,-1.0896E+01,-7.3130E-02,1.9459E-02,2.9046E-02,5.0897E-02,2.4685E-02,4.3744E-02,0.0000E+00,4.0000E+00,7.4607E-02,0.0000E+00,0.0000E+00,0.0000E+00
68,4.4200E+02,5.4800E+02,-1.9566E-01,4.7638E-01,2.3785E+01,-1.0896E+01,-7.3130E-02,1.7430E-02,3.4061E-02,5.0300E-02,2.4483E-02,4.6387E-02,0.0000E+00,4.0000E+00,7.3994E-02,0.0000E+00,0.0000E+00,0.0000E+00
69,4.4200E+02,5.4800E+02,-1.9699E-01,4.7992E-01,2.3785E+01,-1.0896E+01,-7.3130E-02,1.9282E-02,3.1865E-02,3.0705E-02,2.6880E-02,4.0648E-02,0.0000E+00,4.0000E+00,8.1238E-02,0.0000E+00,0.0000E+00,0.0000E+00
70,4.4200E+02,5.4800E+02,-1.8144E-01,4.3414E-01,2.3785E+01,-1.0896E+01,-7.3130E-02,1.6064E-02,3.3653E-02,4.7036E-02,2.5839E-02,3.7279E-02,0.0000E+00,4.0000E+00,7.8093E-02,0.0000E+00,0.0000E+00,0.0000E+00
71,4.4200E+02,5.4800E+02,-1.9619E-01,3.9196E-01,2.3785E+01,-1.0896E+01,-7.3130E-02,1.7382E-02,3.3626E-02,5.0412E-02,2.3889E-02,4.1949E-02,0.0000E+00,4.0000E+00,7.2200E-02,0.0000E+00,0.0000E+00,0.0000E+00
72,4.4200E+02,5.4800E+02,-2.0194E-01,4.1522E-01,2.3785E+01,-1.0896E+01,-7.3130E-02,1.8675E-02,3.1940E-02,4.3567E-02,2.6629E-02,4.2140E-02,0.0000E+00,4.0000E+00,8.0482E-02,0.0000E+00,0.0000E+00,0.0000E+00
73,4.4200E+02,5.4800E+02,-2.2193E-01,3.8029E-01,2.3785E+01,-1.0896E+01,-7.3130E-02,1.9030E-02,3.3081E-02,6.5206E-02,2.5833E-02,3.8410E-02,0.0000E+00,4.0000E+00,7.8075E-02,0.0000E+00,0.0000E+00,0.0000E+00
74,4.4200E+02,5.4800E+02,-2.1280E-01,3.6588E-01,2.3785E+01,-1.0896E+01,-7.3130E-02,1.8584E-02,3.2363E-02,5.8313E-02,2.6247E-02,4.1973E-02,0.0000E+00,4.0000E+00,7.9326E-02,0.0000E+00,0.0000E+00,0.0000E+00
75,4.4200E+02,5.4800E+02,-2.1777E-01,3.8533E-01,2.3785E+01,-1.0896E+01,-7.3130E-02,1.9298E-02,3.2596E-02,5.6657E-02,2.7603E-02,4.1121E-02,0.0000E+00,4.0000E+00,8.3426E-02,0.0000E+00,0.0000E+00,0.0000E+00
76,4.4200E+02,5.4800E+02,-1.8492E-01,3.2620E-01,2.3785E+01,-1.0896E+01,-7.3130E-02,1.6644E-02,2.8771E-02,4.4675E-02,2.7821E-02,4.1995E-02,0.0000E+00,4.0000E+00,8.4083E-02,0.0000E+00,0.0000E+00,0.0000E+00
