FRAME,COORDINATE_X,COORDINATE_Y,DISPLACEMENT_X,DISPLACEMENT_Y,MODEL_COORDINATES_X,MODEL_COORDINATES_Y,MODEL_COORDINATES_Z,MODEL_DISPLACEMENT_X,MODEL_DISPLACEMENT_Y,MODEL_DISPLACEMENT_Z,SIGMA,GAMMA,BETA,STATUS_FLAG,UNCERTAINTY,VSG_STRAIN_XX,VSG_STRAIN_YY,VSG_STRAIN_XY
0,4.1300E+02,5.8800E+02,-1.7385E-02,-3.8212E-03,2.7033E+01,-8.6219E+00,-5.3276E-02,4.8089E-04,1.8652E-03,1.5843E-02,9.7735E-03,4.8054E-02,0.0000E+00,4.0000E+00,6.2716E-02,0.0000E+00,0.0000E+00,0.0000E+00
1,4.1300E+02,5.8800E+02,-4.8538E-02,-5.6345E-02,2.7033E+01,-8.6219E+00,-5.3276E-02,5.3097E-03,-1.0857E-03,1.0840E-03,9.4763E-03,4.3638E-02,0.0000E+00,4.0000E+00,6.0808E-02,0.0000E+00,0.0000E+00,0.0000E+00
2,4.1300E+02,5.8800E+02,-6.0912E-02,-6.3219E-02,2.7033E+01,-8.6219E+00,-5.3276E-02,5.9434E-03,-5.9923E-04,9.2983E-03,1.0419E-02,4.5052E-02,0.0000E+00,4.0000E+00,6.6858E-02,0.0000E+00,0.0000E+00,0.0000E+00
3,4.1300E+02,5.8800E+02,-4.7065E-02,-8.9268E-02,2.7033E+01,-8.6219E+00,-5.3276E-02,4.6618E-03,-1.4839E-03,6.1345E-03,1.0502E-02,4.3358E-02,0.0000E+00,4.0000E+00,6.7392E-02,0.0000E+00,0.0000E+00,0.0000E+00
4,4.1300E+02,5.8800E+02,-4.7916E-02,-6.7514E-02,2.7033E+01,-8.6219E+00,-5.3276E-02,5.1300E-03,-1.5036E-03,2.2831E-03,1.0449E-02,4.6723E-02,0.0000E+00,4.0000E+00,6.7052E-02,0.0000E+00,0.0000E+00,0.0000E+00
5,4.1300E+02,5.8800E+02,-4.0090E-02,-1.3091E-01,2.7033E+01,-8.6219E+00,-5.3276E-02,4.2016E-03,-3.7006E-03,2.6060E-03,9.9585E-03,4.5126E-02,0.0000E+00,4.0000E+00,6.3903E-02,0.0000E+00,0.0000E+00,0.0000E+00
6,4.1300E+02,5.8800E+02,-4.7105E-02,-6.6466E-02,2.7033E+01,-8.6219E+00,-5.3276E-02,4.7317E-03,-5.5591E-04,5.4422E-03,1.0620E-02,4.9373E-02,0.0000E+00,4.0000E+00,6.8149E-02,0.0000E+00,0.0000E+00,0.0000E+00
7,4.1300E+02,5.8800E+02,-4.8227E-02,-6.8711E-02,2.7033E+01,-8.6219E+00,-5.3276E-02,5.1332E-03,-9.7129E-04,2.4521E-03,1.0659E-02,4.7194E-02,0.0000E+00,4.0000E+00,6.8397E-02,0.0000E+00,0.0000E+00,0.0000E+00
8,4.1300E+02,5.8800E+02,-5.4501E-02,-1.7796E-02,2.7033E+01,-8.6219E+00,-5.3276E-02,5.8084E-03,-1.4146E-04,3.2690E-03,1.0519E-02,4.7311E-02,0.0000E+00,4.0000E+00,6.7499E-02,0.0000E+00,0.0000E+00,0.0000E+00
9,4.1300E+02,5.8800E+02,-3.5533E-02,-5.2649E-03,2.7033E+01,-8.6219E+00,-5.3276E-02,3.9693E-03,4.7253E-05,1.3545E-04,9.6960E-03,4.4851E-02,0.0000E+00,4.0000E+00,6.2218E-02,0.0000E+00,0.0000E+00,0.0000E+00
10,4.1300E+02,5.8800E+02,-5.5099E-02,3.1136E-02,2.7033E+01,-8.6219E+00,-5.3276E-02,6.3597E-03,1.0116E-03,-1.8003E-03,1.0436E-02,4.7160E-02,0.0000E+00,4.0000E+00,6.6967E-02,0.0000E+00,0.0000E+00,0.0000E+00
11,4.1300E+02,5.8800E+02,-4.3827E-02,2.8072E-02,2.7033E+01,-8.6219E+00,-5.3276E-02,4.9063E-03,5.2181E-04,4.1737E-04,1.0331E-02,4.4544E-02,0.0000E+00,4.0000E+00,6.6295E-02,0.0000E+00,0.0000E+00,0.0000E+00
12,4.1300E+02,5.8800E+02,-5.1541E-02,3.7003E-02,2.7033E+01,-8.6219E+00,-5.3276E-02,4.4461E-03,2.2350E-03,1.4875E-02,1.0081E-02,4.6503E-02,0.0000E+00,4.0000E+00,6.4689E-02,0.0000E+00,0.0000E+00,0.0000E+00
13,4.1300E+02,5.8800E+02,-6.6111E-02,4.9603E-02,2.7033E+01,-8.6219E+00,-5.3276E-02,4.7363E-03,3.6554E-03,2.9701E-02,1.0190E-02,4.7508E-02,0.0000E+00,4.0000E+00,6.5385E-02,0.0000E+00,0.0000E+00,0.0000E+00
14,4.1300E+02,5.8800E+02,-5.9379E-02,2.7884E-03,2.7033E+01,-8.6219E+00,-5.3276E-02,4.9902E-03,1.0245E-03,1.8520E-02,1.0652E-02,4.4611E-02,0.0000E+00,4.0000E+00,6.8353E-02,0.0000E+00,0.0000E+00,0.0000E+00
15,4.1300E+02,5.8800E+02,-5.9581E-02,6.8001E-02,2.7033E+01,-8.6219E+00,-5.3276E-02,4.5099E-03,4.3772E-03,2.4059E-02,1.0257E-02,4.5881E-02,0.0000E+00,4.0000E+00,6.5819E-02,0.0000E+00,0.0000E+00,0.0000E+00
16,4.1300E+02,5.8800E+02,-7.0543E-02,3.3936E-02,2.7033E+01,-8.6219E+00,-5.3276E-02,5.5052E-03,2.6696E-03,2.6741E-02,1.0644E-02,4.7379E-02,0.0000E+00,4.0000E+00,6.8299E-02,0.0000E+00,0.0000E+00,0.0000E+00
17,4.1300E+02,5.8800E+02,-6.5764E-02,6.0574E-02,2.7033E+01,-8.6219E+00,-5.3276E-02,5.2045E-03,3.0649E-03,2.4369E-02,9.9421E-03,4.7856E-02,0.0000E+00,4.0000E+00,6.3797E-02,0.0000E+00,0.0000E+00,0.0000E+00
18,4.1300E+02,5.8800E+02,-7.3846E-02,3.6189E-02,2.7033E+01,-8.6219E+00,-5.3276E-02,6.4002E-03,2.4553E-03,2.0965E-02,9.9418E-03,4.6327E-02,0.0000E+00,4.0000E+00,6.3795E-02,0.0000E+00,0.0000E+00,0.0000E+00
19,4.1300E+02,5.8800E+02,-6.2949E-02,4.0666E-02,2.7033E+01,-8.6219E+00,-5.3276E-02,5.6063E-03,2.1378E-03,1.6315E-02,9.9353E-03,4.4579E-02,0.0000E+00,4.0000E+00,6.3754E-02,0.0000E+00,0.0000E+00,0.0000E+00
20,4.1300E+02,5.8800E+02,-7.4685E-02,2.7756E-02,2.7033E+01,-8.6219E+00,-5.3276E-02,5.7331E-03,2.6838E-03,2.9303E-02,1.0243E-02,4.6295E-02,0.0000E+00,4.0000E+00,6.5729E-02,0.0000E+00,0.0000E+00,0.0000E+00
21,4.1300E+02,5.8800E+02,-7.3048E-02,5.7804E-02,2.7033E+01,-8.6219E+00,-5.3276E-02,6.1054E-03,2.9670E-03,2.3427E-02,9.9766E-03,4.6157E-02,0.0000E+00,4.0000E+00,6.4019E-02,0.0000E+00,0.0000E+00,0.0000E+00
22,4.1300E+02,5.8800E+02,-7.7429E-02,5.9187E-02,2.7033E+01,-8.6219E+00,-5.3276E-02,6.4100E-03,4.0419E-03,2.5200E-02,9.7786E-03,4.5871E-02,0.0000E+00,4.0000E+00,6.2748E-02,0.0000E+00,0.0000E+00,0.0000E+00
23,4.1300E+02,5.8800E+02,-7.2280E-02,6.5667E-02,2.7033E+01,-8.6219E+00,-5.3276E-02,5.7441E-03,5.9239E-03,2.5674E-02,9.7311E-03,4.6989E-02,0.0000E+00,4.0000E+00,6.2443E-02,0.0000E+00,0.0000E+00,0.0000E+00
24,4.1300E+02,5.8800E+02,-6.7377E-02,5.5023E-02,2.7033E+01,-8.6219E+00,-5.3276E-02,5.7013E-03,3.6680E-03,2.0547E-02,9.5512E-03,4.6613E-02,0.0000E+00,4.0000E+00,6.1289E-02,0.0000E+00,0.0000E+00,0.0000E+00
25,4.1300E+02,5.8800E+02,-6.9647E-02,7.0083E-02,2.7033E+01,-8.6219E+00,-5.3276E-02,6.1724E-03,3.7943E-03,1.8308E-02,1.0154E-02,4.6915E-02,0.0000E+00,4.0000E+00,6.5157E-02,0.0000E+00,0.0000E+00,0.0000E+00
26,4.1300E+02,5.8800E+02,-7.1003E-02,5.2861E-02,2.7033E+01,-8.6219E+00,-5.3276E-02,5.5117E-03,3.8289E-03,2.7158E-02,1.0458E-02,4.5110E-02,0.0000E+00,4.0000E+00,6.7107E-02,0.0000E+00,0.0000E+00,0.0000E+00
27,4.1300E+02,5.8800E+02,-7.0202E-02,5.2394E-02,2.7033E+01,-8.6219E+00,-5.3276E-02,5.7218E-03,3.7348E-03,2.3814E-02,1.0168E-02,4.3983E-02,0.0000E+00,4.0000E+00,6.5248E-02,0.0000E+00,0.0000E+00,0.0000E+00
28,4.1300E+02,5.8800E+02,-7.5020E-02,4.9088E-02,2.7033E+01,-8.6219E+00,-5.3276E-02,5.9549E-03,3.9017E-03,2.7163E-02,1.0696E-02,4.7603E-02,0.0000E+00,4.0000E+00,6.8638E-02,0.0000E+00,0.0000E+00,0.0000E+00
29,4.1300E+02,5.8800E+02,-9.2846E-02,8.0025E-02,2.7033E+01,-8.6219E+00,-5.3276E-02,6.4391E-03,6.6539E-03,4.3758E-02,9.7054E-03,4.6341E-02,0.0000E+00,4.0000E+00,6.2278E-02,0.0000E+00,0.0000E+00,0.0000E+00
30,4.1300E+02,5.8800E+02,-7.2217E-02,6.9921E-02,2.7033E+01,-8.6219E+00,-5.3276E-02,5.5018E-03,4.9059E-03,2.8705E-02,9.5676E-03,4.7468E-02,0.0000E+00,4.0000E+00,6.1394E-02,0.0000E+00,0.0000E+00,0.0000E+00
31,4.1300E+02,5.8800E+02,-7.9951E-02,8.3718E-02,2.7033E+01,-8.6219E+00,-5.3276E-02,6.2341E-03,6.2710E-03,2.9997E-02,1.0299E-02,4.6573E-02,0.0000E+00,4.0000E+00,6.6087E-02,0.0000E+00,0.0000E+00,0.0000E+00
32,4.1300E+02,5.8800E+02,-7.8228E-02,7.8518E-02,2.7033E+01,-8.6219E+00,-5.3276E-02,6.0091E-03,5.8606E-03,3.0405E-02,1.0122E-02,4.7241E-02,0.0000E+00,4.0000E+00,6.4954E-02,0.0000E+00,0.0000E+00,0.0000E+00
33,4.1300E+02,5.8800E+02,-7.8233E-02,2.7944E-02,2.7033E+01,-8.6219E+00,-5.3276E-02,5.8183E-03,3.4378E-03,3.2573E-02,1.0334E-02,4.6015E-02,0.0000E+00,4.0000E+00,6.6315E-02,0.0000E+00,0.0000E+00,0.0000E+00
34,4.1300E+02,5.8800E+02,-7.8191E-02,6.1158E-02,2.7033E+01,-8.6219E+00,-5.3276E-02,6.0645E-03,5.0550E-03,2.9736E-02,9.9099E-03,4.6542E-02,0.0000E+00,4.0000E+00,6.3591E-02,0.0000E+00,0.0000E+00,0.0000E+00
35,4.1300E+02,5.8800E+02,-8.2783E-02,3.5144E-02,2.7033E+01,-8.6219E+00,-5.3276E-02,5.2617E-03,6.1042E-03,4.3792E-02,9.9153E-03,4.6028E-02,0.0000E+00,4.0000E+00,6.3625E-02,0.0000E+00,0.0000E+00,0.0000E+00
36,4.1300E+02,5.8800E+02,-8.0365E-02,5.3057E-02,2.7033E+01,-8.6219E+00,-5.3276E-02,5.9241E-03,4.8118E-03,3.4006E-02,1.0315E-02,4.3580E-02,0.0000E+00,4.0000E+00,6.6189E-02,0.0000E+00,0.0000E+00,0.0000E+00
37,4.1300E+02,5.8800E+02,-8.7902E-02,8.1574E-02,2.7033E+01,-8.6219E+00,-5.3276E-02,6.3956E-03,6.6268E-03,3.8052E-02,1.0309E-02,4.7219E-02,0.0000E+00,4.0000E+00,6.6152E-02,0.0000E+00,0.0000E+00,0.0000E+00
38,4.1300E+02,5.8800E+02,-7.7785E-02,6.1128E-02,2.7033E+01,-8.6219E+00,-5.3276E-02,5.4255E-03,5.9947E-03,3.6088E-02,1.0105E-02,4.6663E-02,0.0000E+00,4.0000E+00,6.4845E-02,0.0000E+00,0.0000E+00,0.0000E+00
39,4.1300E+02,5.8800E+02,-9.0652E-02,6.7370E-02,2.7033E+01,-8.6219E+00,-5.3276E-02,5.9152E-03,7.5322E-03,4.6396E-02,1.0067E-02,4.5939E-02,0.0000E+00,4.0000E+00,6.4596E-02,0.0000E+00,0.0000E+00,0.0000E+00
40,4.1300E+02,5.8800E+02,-8.9119E-02,5.4644E-02,2.7033E+01,-8.6219E+00,-5.3276E-02,6.1752E-03,6.2771E-03,4.1763E-02,9.5208E-03,4.5863E-02,0.0000E+00,4.0000E+00,6.1094E-02,0.0000E+00,0.0000E+00,0.0000E+00
41,4.1300E+02,5.8800E+02,-9.1839E-02,5.2654E-02,2.7033E+01,-8.6219E+00,-5.3276E-02,5.5151E-03,7.9238E-03,5.2029E-02,9.7728E-03,4.7496E-02,0.0000E+00,4.0000E+00,6.2711E-02,0.0000E+00,0.0000E+00,0.0000E+00
42,4.1300E+02,5.8800E+02,-8.9879E-02,3.9802E-02,2.7033E+01,-8.6219E+00,-5.3276E-02,5.1397E-03,5.9221E-03,5.4226E-02,1.0204E-02,4.4719E-02,0.0000E+00,4.0000E+00,6.5477E-02,0.0000E+00,0.0000E+00,0.0000E+00
43,4.1300E+02,5.8800E+02,-1.0362E-01,5.8631E-02,2.7033E+01,-8.6219E+00,-5.3276E-02,6.3198E-03,6.7499E-03,5.8316E-02,1.0169E-02,4.6277E-02,0.0000E+00,4.0000E+00,6.5255E-02,0.0000E+00,0.0000E+00,0.0000E+00
44,4.1300E+02,5.8800E+02,-9.4261E-02,5.0382E-02,2.7033E+01,-8.6219E+00,-5.3276E-02,5.8220E-03,6.3425E-03,5.2115E-02,9.8090E-03,4.2257E-02,0.0000E+00,4.0000E+00,6.2943E-02,0.0000E+00,0.0000E+00,0.0000E+00
45,4.1300E+02,5.8800E+02,-9.6234E-02,4.0944E-02,2.7033E+01,-8.6219E+00,-5.3276E-02,5.9127E-03,6.1048E-03,5.3517E-02,9.7839E-03,4.7538E-02,0.0000E+00,4.0000E+00,6.2782E-02,0.0000E+00,0.0000E+00,0.0000E+00
46,4.1300E+02,5.8800E+02,-9.9305E-02,1.9071E-02,2.7033E+01,-8.6219E+00,-5.3276E-02,5.8193E-03,7.0292E-03,5.7803E-02,9.9421E-03,4.6393E-02,0.0000E+00,4.0000E+00,6.3797E-02,0.0000E+00,0.0000E+00,0.0000E+00
47,4.1300E+02,5.8800E+02,-9.9486E-02,5.8733E-02,2.7033E+01,-8.6219E+00,-5.3276E-02,7.0586E-03,6.8065E-03,4.4800E-02,1.0457E-02,4.5361E-02,0.0000E+00,4.0000E+00,6.7099E-02,0.0000E+00,0.0000E+00,0.0000E+00
48,4.1300E+02,5.8800E+02,-9.5189E-02,7.7768E-02,2.7033E+01,-8.6219E+00,-5.3276E-02,6.1397E-03,7.6136E-03,4.9722E-02,1.0195E-02,4.6967E-02,0.0000E+00,4.0000E+00,6.5419E-02,0.0000E+00,0.0000E+00,0.0000E+00
49,4.1300E+02,5.8800E+02,-1.1577E-01,7.0664E-02,2.7033E+01,-8.6219E+00,-5.3276E-02,7.5600E-03,9.2321E-03,5.9070E-02,9.8614E-03,4.6122E-02,0.0000E+00,4.0000E+00,6.3279E-02,0.0000E+00,0.0000E+00,0.0000E+00
50,4.1300E+02,5.8800E+02,-1.1085E-01,4.5122E-02,2.7033E+01,-8.6219E+00,-5.3276E-02,6.8140E-03,7.2057E-03,6.1524E-02,1.0159E-02,4.8263E-02,0.0000E+00,4.0000E+00,6.5190E-02,0.0000E+00,0.0000E+00,0.0000E+00
51,4.1300E+02,5.8800E+02,-1.1384E-01,3.0643E-02,2.7033E+01,-8.6219E+00,-5.3276E-02,6.9140E-03,7.2228E-03,6.3935E-02,1.0152E-02,4.5767E-02,0.0000E+00,4.0000E+00,6.5146E-02,0.0000E+00,0.0000E+00,0.0000E+00
52,4.1300E+02,5.8800E+02,-1.1244E-01,2.8286E-02,2.7033E+01,-8.6219E+00,-5.3276E-02,7.0341E-03,7.5383E-03,6.0688E-02,9.9135E-03,4.4991E-02,0.0000E+00,4.0000E+00,6.3614E-02,0.0000E+00,0.0000E+00,0.0000E+00
53,4.1300E+02,5.8800E+02,-1.0992E-01,7.0092E-02,2.7033E+01,-8.6219E+00,-5.3276E-02,6.7110E-03,8.9438E-03,6.1313E-02,1.0060E-02,4.4885E-02,0.0000E+00,4.0000E+00,6.4552E-02,0.0000E+00,0.0000E+00,0.0000E+00
54,4.1300E+02,5.8800E+02,-1.0737E-01,5.5276E-02,2.7033E+01,-8.6219E+00,-5.3276E-02,6.2642E-03,8.4636E-03,6.3054E-02,9.7294E-03,4.8239E-02,0.0000E+00,4.0000E+00,6.2433E-02,0.0000E+00,0.0000E+00,0.0000E+00
55,4.1300E+02,5.8800E+02,-1.2375E-01,7.0780E-02,2.7033E+01,-8.6219E+00,-5.3276E-02,7.6889E-03,9.9066E-03,6.7465E-02,9.8708E-03,4.4534E-02,0.0000E+00,4.0000E+00,6.3340E-02,0.0000E+00,0.0000E+00,0.0000E+00
56,4.1300E+02,5.8800E+02,-1.2005E-01,7.2493E-02,2.7033E+01,-8.6219E+00,-5.3276E-02,7.1267E-03,1.0500E-02,6.8943E-02,1.0299E-02,4.6542E-02,0.0000E+00,4.0000E+00,6.6088E-02,0.0000E+00,0.0000E+00,0.0000E+00
57,4.1300E+02,5.8800E+02,-1.3059E-01,1.0065E-01,2.7033E+01,-8.6219E+00,-5.3276E-02,8.0407E-03,1.1040E-02,7.2212E-02,1.0356E-02,4.6895E-02,0.0000E+00,4.0000E+00,6.6454E-02,0.0000E+00,0.0000E+00,0.0000E+00
58,4.1300E+02,5.8800E+02,-1.1471E-01,7.2922E-02,2.7033E+01,-8.6219E+00,-5.3276E-02,6.3931E-03,1.0074E-02,7.0588E-02,1.0572E-02,4.5024E-02,0.0000E+00,4.0000E+00,6.7839E-02,0.0000E+00,0.0000E+00,0.0000E+00
59,4.1300E+02,5.8800E+02,-1.3368E-01,6.6512E-02,2.7033E+01,-8.6219E+00,-5.3276E-02,7.9967E-03,1.0316E-02,7.6322E-02,9.9164E-03,4.7036E-02,0.0000E+00,4.0000E+00,6.3632E-02,0.0000E+00,0.0000E+00,0.0000E+00
60,4.1300E+02,5.8800E+02,-1.2229E-01,9.3619E-02,2.7033E+01,-8.6219E+00,-5.3276E-02,7.2564E-03,1.0122E-02,7.0751E-02,1.0403E-02,4.3962E-02,0.0000E+00,4.0000E+00,6.6752E-02,0.0000E+00,0.0000E+00,0.0000E+00
61,4.1300E+02,5.8800E+02,-1.2150E-01,9.7864E-02,2.7033E+01,-8.6219E+00,-5.3276E-02,7.4058E-03,1.0895E-02,6.7892E-02,9.0794E-03,4.4728E-02,0.0000E+00,4.0000E+00,5.8261E-02,0.0000E+00,0.0000E+00,0.0000E+00
62,4.1300E+02,5.8800E+02,-1.4445E-01,8.7214E-02,2.7033E+01,-8.6219E+00,-5.3276E-02,1.0049E-02,1.1045E-02,6.6932E-02,9.7039E-03,4.4398E-02,0.0000E+00,4.0000E+00,6.2269E-02,0.0000E+00,0.0000E+00,0.0000E+00
63,4.1300E+02,5.8800E+02,-1.2895E-01,1.2209E-01,2.7033E+01,-8.6219E+00,-5.3276E-02,9.1777E-03,1.0249E-02,5.7974E-02,9.8484E-03,4.5000E-02,0.0000E+00,4.0000E+00,6.3196E-02,0.0000E+00,0.0000E+00,0.0000E+00
64,4.1300E+02,5.8800E+02,-1.3433E-01,9.5005E-02,2.7033E+01,-8.6219E+00,-5.3276E-02,8.6555E-03,1.0826E-02,7.0011E-02,1.0040E-02,4.6983E-02,0.0000E+00,4.0000E+00,6.4424E-02,0.0000E+00,0.0000E+00,0.0000E+00
65,4.1300E+02,5.8800E+02,-1.2336E-01,9.6841E-02,2.7033E+01,-8.6219E+00,-5.3276E-02,8.2643E-03,1.0300E-02,6.0787E-02,1.0039E-02,4.5141E-02,0.0000E+00,4.0000E+00,6.4421E-02,0.0000E+00,0.0000E+00,0.0000E+00
66,4.1300E+02,5.8800E+02,-1.3735E-01,9.8124E-02,2.7033E+01,-8.6219E+00,-5.3276E-02,9.5230E-03,9.9453E-03,6.4412E-02,9.4421E-03,4.1689E-02,0.0000E+00,4.0000E+00,6.0589E-02,0.0000E+00,0.0000E+00,0.0000E+00
67,4.1300E+02,5.8800E+02,-1.3297E-01,1.0759E-01,2.7033E+01,-8.6219E+00,-5.3276E-02,8.7894E-03,1.0422E-02,6.7124E-02,9.6123E-03,4.3971E-02,0.0000E+00,4.0000E+00,6.1681E-02,0.0000E+00,0.0000E+00,0.0000E+00
68,4.1300E+02,5.8800E+02,-1.2258E-01,8.3395E-02,2.7033E+01,-8.6219E+00,-5.3276E-02,8.6715E-03,8.4028E-03,5.5647E-02,1.0629E-02,4.6781E-02,0.0000E+00,4.0000E+00,6.8208E-02,0.0000E+00,0.0000E+00,0.0000E+00
69,4.1300E+02,5.8800E+02,-1.2591E-01,8.8434E-02,2.7033E+01,-8.6219E+00,-5.3276E-02,8.9670E-03,8.2860E-03,5.6636E-02,9.6669E-03,4.2824E-02,0.0000E+00,4.0000E+00,6.2031E-02,0.0000E+00,0.0000E+00,0.0000E+00
70,4.1300E+02,5.8800E+02,-1.1854E-01,1.0646E-01,2.7033E+01,-8.6219E+00,-5.3276E-02,8.3958E-03,9.1939E-03,5.3738E-02,9.2847E-03,4.2098E-02,0.0000E+00,4.0000E+00,5.9579E-02,0.0000E+00,0.0000E+00,0.0000E+00
71,4.1300E+02,5.8800E+02,-1.1787E-01,1.0080E-01,2.7033E+01,-8.6219E+00,-5.3276E-02,8.2263E-03,8.1763E-03,5.5042E-02,1.0006E-02,4.5631E-02,0.0000E+00,4.0000E+00,6.4208E-02,0.0000E+00,0.0000E+00,0.0000E+00
72,4.1300E+02,5.8800E+02,-1.2796E-01,1.3352E-01,2.7033E+01,-8.6219E+00,-5.3276E-02,9.2879E-03,9.2020E-03,5.6005E-02,9.9120E-03,4.4891E-02,0.0000E+00,4.0000E+00,6.3604E-02,0.0000E+00,0.0000E+00,0.0000E+00
73,4.1300E+02,5.8800E+02,-1.1648E-01,1.1535E-01,2.7033E+01,-8.6219E+00,-5.3276E-02,8.5350E-03,8.2051E-03,5.0045E-02,9.8828E-03,4.5488E-02,0.0000E+00,4.0000E+00,6.3417E-02,0.0000E+00,0.0000E+00,0.0000E+00
74,4.1300E+02,5.8800E+02,-1.1732E-01,1.1271E-01,2.7033E+01,-8.6219E+00,-5.3276E-02,8.4974E-03,8.1838E-03,5.1487E-02,9.7170E-03,4.4350E-02,0.0000E+00,4.0000E+00,6.2353E-02,0.0000E+00,0.0000E+00,0.0000E+00
75,4.1300E+02,5.8800E+02,-1.2301E-01,8.6902E-02,2.7033E+01,-8.6219E+00,-5.3276E-02,8.5364E-03,8.8736E-03,5.7600E-02,1.0035E-02,4.3479E-02,0.0000E+00,4.0000E+00,6.4391E-02,0.0000E+00,0.0000E+00,0.0000E+00
76,4.1300E+02,5.8800E+02,-1.2908E-01,1.0500E-01,2.7033E+01,-8.6219E+00,-5.3276E-02,9.2086E-03,1.0245E-02,5.7541E-02,9.6272E-03,4.4949E-02,0.0000E+00,4.0000E+00,6.1777E-02,0.0000E+00,0.0000E+00,0.0000E+00
77,4.1300E+02,5.8800E+02,-1.1345E-01,6.9639E-02,2.7033E+01,-8.6219E+00,-5.3276E-02,7.8804E-03,8.2496E-03,5.2859E-02,9.5041E-03,4.3906E-02,0.0000E+00,4.0000E+00,6.0987E-02,0.0000E+00,0.0000E+00,0.0000E+00
78,4.1300E+02,5.8800E+02,-1.2260E-01,7.2912E-02,2.7033E+01,-8.6219E+00,-5.3276E-02,8.6405E-03,8.8571E-03,5.5708E-02,9.6492E-03,4.3896E-02,0.0000E+00,4.0000E+00,6.1918E-02,0.0000E+00,0.0000E+00,0.0000E+00
79,4.1300E+02,5.8800E+02,-1.2020E-01,9.1926E-02,2.7033E+01,-8.6219E+00,-5.3276E-02,9.1515E-03,8.5536E-03,4.7341E-02,9.4925E-03,4.7761E-02,0.0000E+00,4.0000E+00,6.0912E-02,0.0000E+00,0.0000E+00,0.0000E+00
80,4.1300E+02,5.8800E+02,-1.1503E-01,7.4373E-02,2.7033E+01,-8.6219E+00,-5.3276E-02,8.7909E-03,7.8959E-03,4.4821E-02,9.9649E-03,4.7137E-02,0.0000E+00,4.0000E+00,6.3944E-02,0.0000E+00,0.0000E+00,0.0000E+00
81,4.1300E+02,5.8800E+02,-1.2794E-01,9.2139E-02,2.7033E+01,-8.6219E+00,-5.3276E-02,9.4969E-03,8.8792E-03,5.3116E-02,9.8198E-03,4.4771E-02,0.0000E+00,4.0000E+00,6.3013E-02,0.0000E+00,0.0000E+00,0.0000E+00
82,4.1300E+02,5.8800E+02,-1.2539E-01,8.9605E-02,2.7033E+01,-8.6219E+00,-5.3276E-02,9.4453E-03,9.5079E-03,5.0245E-02,1.0002E-02,4.5283E-02,0.0000E+00,4.0000E+00,6.4180E-02,0.0000E+00,0.0000E+00,0.0000E+00
83,4.1300E+02,5.8800E+02,-1.2924E-01,7.9845E-02,2.7033E+01,-8.6219E+00,-5.3276E-02,9.0732E-03,9.8469E-03,5.9008E-02,1.0319E-02,4.5914E-02,0.0000E+00,4.0000E+00,6.6218E-02,0.0000E+00,0.0000E+00,0.0000E+00
84,4.1300E+02,5.8800E+02,-1.1763E-01,9.2821E-02,2.7033E+01,-8.6219E+00,-5.3276E-02,8.5941E-03,9.1995E-03,5.0169E-02,1.0224E-02,4.6759E-02,0.0000E+00,4.0000E+00,6.5603E-02,0.0000E+00,0.0000E+00,0.0000E+00
85,4.1300E+02,5.8800E+02,-1.0970E-01,8.7378E-02,2.7033E+01,-8.6219E+00,-5.3276E-02,8.4647E-03,7.8584E-03,4.1988E-02,9.9215E-03,4.4397E-02,0.0000E+00,4.0000E+00,6.3665E-02,0.0000E+00,0.0000E+00,0.0000E+00
86,4.1300E+02,5.8800E+02,-1.2316E-01,1.0580E-01,2.7033E+01,-8.6219E+00,-5.3276E-02,9.2949E-03,9.6062E-03,4.9333E-02,9.6814E-03,4.1404E-02,0.0000E+00,4.0000E+00,6.2124E-02,0.0000E+00,0.0000E+00,0.0000E+00
87,4.1300E+02,5.8800E+02,-1.1726E-01,8.3616E-02,2.7033E+01,-8.6219E+00,-5.3276E-02,8.8727E-03,9.5089E-03,4.6341E-02,1.0460E-02,4.4340E-02,0.0000E+00,4.0000E+00,6.7118E-02,0.0000E+00,0.0000E+00,0.0000E+00
88,4.1300E+02,5.8800E+02,-1.1421E-01,9.9130E-02,2.7033E+01,-8.6219E+00,-5.3276E-02,8.7912E-03,8.8356E-03,4.3864E-02,1.0221E-02,4.6690E-02,0.0000E+00,4.0000E+00,6.5586E-02,0.0000E+00,0.0000E+00,0.0000E+00
89,4.1300E+02,5.8800E+02,-1.1325E-01,8.3194E-02,2.7033E+01,-8.6219E+00,-5.3276E-02,8.3829E-03,7.8495E-03,4.7304E-02,1.0031E-02,4.4186E-02,0.0000E+00,4.0000E+00,6.4366E-02,0.0000E+00,0.0000E+00,0.0000E+00
90,4.1300E+02,5.8800E+02,-1.2097E-01,8.2859E-02,2.7033E+01,-8.6219E+00,-5.3276E-02,8.7518E-03,8.6789E-03,5.2623E-02,1.0226E-02,4.4671E-02,0.0000E+00,4.0000E+00,6.5621E-02,0.0000E+00,0.0000E+00,0.0000E+00
91,4.1300E+02,5.8800E+02,-1.2555E-01,9.4969E-02,2.7033E+01,-8.6219E+00,-5.3276E-02,8.7412E-03,9.0801E-03,5.8566E-02,9.9279E-03,4.3840E-02,0.0000E+00,4.0000E+00,6.3706E-02,0.0000E+00,0.0000E+00,0.0000E+00
92,4.1300E+02,5.8800E+02,-1.2207E-01,9.4159E-02,2.7033E+01,-8.6219E+00,-5.3276E-02,9.3891E-03,8.0754E-03,4.7221E-02,9.8219E-03,4.6198E-02,0.0000E+00,4.0000E+00,6.3026E-02,0.0000E+00,0.0000E+00,0.0000E+00
93,4.1300E+02,5.8800E+02,-1.1481E-01,1.0653E-01,2.7033E+01,-8.6219E+00,-5.3276E-02,8.7219E-03,8.4541E-03,4.5632E-02,1.0262E-02,4.6626E-02,0.0000E+00,4.0000E+00,6.5850E-02,0.0000E+00,0.0000E+00,0.0000E+00
94,4.1300E+02,5.8800E+02,-1.3134E-01,1.1973E-01,2.7033E+01,-8.6219E+00,-5.3276E-02,1.0140E-02,9.7996E-03,5.0302E-02,9.6985E-03,4.4023E-02,0.0000E+00,4.0000E+00,6.2234E-02,0.0000E+00,0.0000E+00,0.0000E+00
95,4.1300E+02,5.8800E+02,-1.2464E-01,1.3213E-01,2.7033E+01,-8.6219E+00,-5.3276E-02,9.9022E-03,9.9903E-03,4.4657E-02,1.0125E-02,4.5339E-02,0.0000E+00,4.0000E+00,6.4969E-02,0.0000E+00,0.0000E+00,0.0000E+00
96,4.1300E+02,5.8800E+02,-6.0684E-01,-7.3005E-01,2.7033E+01,-8.6219E+00,-5.3276E-02,1.6151E-02,2.2493E-02,5.6415E-01,9.8557E-03,4.3534E-02,0.0000E+00,4.0000E+00,6.3243E-02,0.0000E+00,0.0000E+00,0.0000E+00
97,4.1300E+02,5.8800E+02,-1.4615E+00,-2.4297E+00,2.7033E+01,-8.6219E+00,-5.3276E-02,2.7715E-02,3.5342E-02,1.4769E+00,1.0207E-02,4.1742E-02,0.0000E+00,4.0000E+00,6.5500E-02,0.0000E+00,0.0000E+00,0.0000E+00
98,4.1300E+02,5.8800E+02,-2.1041E+00,-3.6611E+00,2.7033E+01,-8.6219E+00,-5.3276E-02,3.5669E-02,4.8633E-02,2.1688E+00,9.8617E-03,4.7890E-02,0.0000E+00,4.0000E+00,6.3281E-02,0.0000E+00,0.0000E+00,0.0000E+00
99,4.1300E+02,5.8800E+02,-2.7762E+00,-5.1107E+00,2.7033E+01,-8.6219E+00,-5.3276E-02,3.9649E-02,5.5017E-02,2.9385E+00,1.0033E-02,5.0370E-02,0.0000E+00,4.0000E+00,6.4381E-02,0.0000E+00,0.0000E+00,0.0000E+00
100,4.1300E+02,5.8800E+02,-3.6219E+00,-6.5259E+00,2.7033E+01,-8.6219E+00,-5.3276E-02,6.1045E-02,7.1879E-02,3.7246E+00,1.0158E-02,4.8810E-02,0.0000E+00,4.0000E+00,6.5186E-02,0.0000E+00,0.0000E+00,0.0000E+00
101,4.1300E+02,5.8800E+02,-4.3350E+00,-7.8978E+00,2.7033E+01,-8.6219E+00,-5.3276E-02,6.9772E-02,8.7302E-02,4.4855E+00,1.0095E-02,5.2024E-02,0.0000E+00,4.0000E+00,6.4780E-02,0.0000E+00,0.0000E+00,0.0000E+00
102,4.1300E+02,5.8800E+02,-5.1185E+00,-9.2617E+00,2.7033E+01,-8.6219E+00,-5.3276E-02,8.4750E-02,1.0525E-01,5.2607E+00,9.6523E-03,5.7804E-02,0.0000E+00,4.0000E+00,6.1938E-02,0.0000E+00,0.0000E+00,0.0000E+00
103,4.1300E+02,5.8800E+02,-5.7888E+00,-1.0686E+01,2.7033E+01,-8.6219E+00,-5.3276E-02,8.8163E-02,1.1839E-01,6.0228E+00,9.4709E-03,5.7266E-02,0.0000E+00,4.0000E+00,6.0774E-02,0.0000E+00,0.0000E+00,0.0000E+00
104,4.1300E+02,5.8800E+02,-6.5306E+00,-1.2087E+01,2.7033E+01,-8.6219E+00,-5.3276E-02,1.0083E-01,1.2944E-01,6.7687E+00,1.0308E-02,5.9061E-02,0.0000E+00,4.0000E+00,6.6148E-02,0.0000E+00,0.0000E+00,0.0000E+00
105,4.1300E+02,5.8800E+02,-7.2333E+00,-1.3681E+01,2.7033E+01,-8.6219E+00,-5.3276E-02,1.0113E-01,1.4084E-01,7.5980E+00,1.0112E-02,6.1759E-02,0.0000E+00,4.0000E+00,6.4886E-02,0.0000E+00,0.0000E+00,0.0000E+00
106,4.1300E+02,5.8800E+02,-7.8889E+00,-1.5161E+01,2.7033E+01,-8.6219E+00,-5.3276E-02,1.0076E-01,1.5194E-01,8.3764E+00,1.0268E-02,6.1950E-02,0.0000E+00,4.0000E+00,6.5891E-02,0.0000E+00,0.0000E+00,0.0000E+00
107,4.1300E+02,5.8800E+02,-8.8773E+00,-1.6808E+01,2.7033E+01,-8.6219E+00,-5.3276E-02,1.2474E-01,1.7052E-01,9.2838E+00,1.0205E-02,5.9174E-02,0.0000E+00,4.0000E+00,6.5485E-02,0.0000E+00,0.0000E+00,0.0000E+00
108,4.1300E+02,5.8800E+02,-9.5798E+00,-1.8176E+01,2.7033E+01,-8.6219E+00,-5.3276E-02,1.2805E-01,1.8417E-01,1.0074E+01,9.9933E-03,6.2603E-02,0.0000E+00,4.0000E+00,6.4126E-02,0.0000E+00,0.0000E+00,0.0000E+00
109,4.1300E+02,5.8800E+02,-1.0237E+01,-1.9712E+01,2.7033E+01,-8.6219E+00,-5.3276E-02,1.3390E-01,1.9050E-01,1.0778E+01,1.0121E-02,6.2235E-02,0.0000E+00,4.0000E+00,6.4944E-02,0.0000E+00,0.0000E+00,0.0000E+00
110,4.1300E+02,5.8800E+02,-9.4884E+00,-1.8186E+01,2.7033E+01,-8.6219E+00,-5.3276E-02,1.2957E-01,1.7501E-01,9.9495E+00,9.9418E-03,6.3479E-02,0.0000E+00,4.0000E+00,6.3795E-02,0.0000E+00,0.0000E+00,0.0000E+00
111,4.1300E+02,5.8800E+02,-8.8736E+00,-1.6990E+01,2.7033E+01,-8.6219E+00,-5.3276E-02,1.2692E-01,1.6354E-01,9.2551E+00,1.0030E-02,6.2278E-02,0.0000E+00,4.0000E+00,6.4362E-02,0.0000E+00,0.0000E+00,0.0000E+00
112,4.1300E+02,5.8800E+02,-8.0125E+00,-1.5397E+01,2.7033E+01,-8.6219E+00,-5.3276E-02,1.1101E-01,1.4413E-01,8.4130E+00,1.0452E-02,6.2325E-02,0.0000E+00,4.0000E+00,6.7072E-02,0.0000E+00,0.0000E+00,0.0000E+00
113,4.1300E+02,5.8800E+02,-7.2868E+00,-1.3917E+01,2.7033E+01,-8.6219E+00,-5.3276E-02,1.0875E-01,1.3248E-01,7.5786E+00,1.0054E-02,6.3101E-02,0.0000E+00,4.0000E+00,6.4516E-02,0.0000E+00,0.0000E+00,0.0000E+00
114,4.1300E+02,5.8800E+02,-6.4959E+00,-1.2329E+01,2.7033E+01,-8.6219E+00,-5.3276E-02,9.5820E-02,1.1945E-01,6.7813E+00,9.7087E-03,5.8934E-02,0.0000E+00,4.0000E+00,6.2300E-02,0.0000E+00,0.0000E+00,0.0000E+00
115,4.1300E+02,5.8800E+02,-5.6581E+00,-1.0719E+01,2.7033E+01,-8.6219E+00,-5.3276E-02,8.1681E-02,1.0689E-01,5.9370E+00,9.8194E-03,5.6471E-02,0.0000E+00,4.0000E+00,6.3010E-02,0.0000E+00,0.0000E+00,0.0000E+00
116,4.1300E+02,5.8800E+02,-4.9396E+00,-9.3637E+00,2.7033E+01,-8.6219E+00,-5.3276E-02,7.0537E-02,9.3133E-02,5.2003E+00,1.0216E-02,5.8327E-02,0.0000E+00,4.0000E+00,6.5554E-02,0.0000E+00,0.0000E+00,0.0000E+00
117,4.1300E+02,5.8800E+02,-4.1065E+00,-7.7490E+00,2.7033E+01,-8.6219E+00,-5.3276E-02,6.1762E-02,7.4463E-02,4.2982E+00,9.9125E-03,5.4200E-02,0.0000E+00,4.0000E+00,6.3607E-02,0.0000E+00,0.0000E+00,0.0000E+00
118,4.1300E+02,5.8800E+02,-3.4634E+00,-6.5111E+00,2.7033E+01,-8.6219E+00,-5.3276E-02,5.5048E-02,6.1016E-02,3.5985E+00,1.0182E-02,4.6645E-02,0.0000E+00,4.0000E+00,6.5337E-02,0.0000E+00,0.0000E+00,0.0000E+00
119,4.1300E+02,5.8800E+02,-2.7127E+00,-5.1462E+00,2.7033E+01,-8.6219E+00,-5.3276E-02,4.1823E-02,4.8906E-02,2.8368E+00,1.0226E-02,4.9788E-02,0.0000E+00,4.0000E+00,6.5617E-02,0.0000E+00,0.0000E+00,0.0000E+00
120,4.1300E+02,5.8800E+02,-2.0615E+00,-3.6342E+00,2.7033E+01,-8.6219E+00,-5.3276E-02,4.0716E-02,3.9925E-02,2.0625E+00,9.5214E-03,4.8584E-02,0.0000E+00,4.0000E+00,6.1097E-02,0.0000E+00,0.0000E+00,0.0000E+00
121,4.1300E+02,5.8800E+02,-1.4126E+00,-2.2175E+00,2.7033E+01,-8.6219E+00,-5.3276E-02,3.8531E-02,2.7458E-02,1.3005E+00,9.7115E-03,4.3717E-02,0.0000E+00,4.0000E+00,6.2317E-02,0.0000E+00,0.0000E+00,0.0000E+00
122,4.1300E+02,5.8800E+02,-6.8735E-01,-8.9619E-01,2.7033E+01,-8.6219E+00,-5.3276E-02,2.8204E-02,1.4878E-02,5.3026E-01,1.0442E-02,4.6014E-02,0.0000E+00,4.0000E+00,6.7008E-02,0.0000E+00,0.0000E+00,0.0000E+00
123,4.1300E+02,5.8800E+02,-2.6848E-01,-2.0048E-01,2.7033E+01,-8.6219E+00,-5.3276E-02,1.3134E-02,8.0598E-03,1.8510E-01,1.0380E-02,4.2543E-02,0.0000E+00,4.0000E+00,6.6610E-02,0.0000E+00,0.0000E+00,0.0000E+00
124,4.1300E+02,5.8800E+02,-2.8080E-01,-1.8595E-01,2.7033E+01,-8.6219E+00,-5.3276E-02,1.2994E-02,1.0231E-02,2.0169E-01,1.0016E-02,4.2083E-02,0.0000E+00,4.0000E+00,6.4273E-02,0.0000E+00,0.0000E+00,0.0000E+00
125,4.1300E+02,5.8800E+02,-2.6208E-01,-1.7615E-01,2.7033E+01,-8.6219E+00,-5.3276E-02,1.1966E-02,9.2399E-03,1.9012E-01,1.0183E-02,4.3245E-02,0.0000E+00,4.0000E+00,6.5344E-02,0.0000E+00,0.0000E+00,0.0000E+00
126,4.1300E+02,5.8800E+02,-2.6009E-01,-1.5484E-01,2.7033E+01,-8.6219E+00,-5.3276E-02,1.3570E-02,8.0173E-03,1.7036E-01,1.0391E-02,4.2742E-02,0.0000E+00,4.0000E+00,6.6677E-02,0.0000E+00,0.0000E+00,0.0000E+00
127,4.1300E+02,5.8800E+02,-2.5775E-01,-1.5854E-01,2.7033E+01,-8.6219E+00,-5.3276E-02,1.3010E-02,7.6597E-03,1.7375E-01,9.9928E-03,4.1973E-02,0.0000E+00,4.0000E+00,6.4123E-02,0.0000E+00,0.0000E+00,0.0000E+00
128,4.1300E+02,5.8800E+02,-2.5100E-01,-1.8868E-01,2.7033E+01,-8.6219E+00,-5.3276E-02,1.2427E-02,6.4792E-03,1.7173E-01,1.0235E-02,4.4176E-02,0.0000E+00,4.0000E+00,6.5676E-02,0.0000E+00,0.0000E+00,0.0000E+00
129,4.1300E+02,5.8800E+02,-2.5434E-01,-2.1950E-01,2.7033E+01,-8.6219E+00,-5.3276E-02,1.3012E-02,6.0852E-03,1.6903E-01,9.5287E-03,4.1841E-02,0.0000E+00,4.0000E+00,6.1144E-02,0.0000E+00,0.0000E+00,0.0000E+00
130,4.1300E+02,5.8800E+02,-7.3663E-02,-4.2885E-01,2.7033E+01,-8.6219E+00,-5.3276E-02,-7.5081E-03,-3.6250E-03,1.7171E-01,1.0044E-02,4.3454E-02,0.0000E+00,4.0000E+00,6.4454E-02,0.0000E+00,0.0000E+00,0.0000E+00
131,4.1300E+02,5.8800E+02,-3.6276E-02,-4.0352E-01,2.7033E+01,-8.6219E+00,-5.3276E-02,-9.9013E-03,-4.3711E-03,1.5210E-01,1.0318E-02,4.2122E-02,0.0000E+00,4.0000E+00,6.6208E-02,0.0000E+00,0.0000E+00,0.0000E+00
132,4.1300E+02,5.8800E+02,-2.3105E-02,-4.3255E-01,2.7033E+01,-8.6219E+00,-5.3276E-02,-1.0732E-02,-6.2816E-03,1.4502E-01,9.5161E-03,4.0920E-02,0.0000E+00,4.0000E+00,6.1064E-02,0.0000E+00,0.0000E+00,0.0000E+00
133,4.1300E+02,5.8800E+02,-2.4761E-02,-4.5189E-01,2.7033E+01,-8.6219E+00,-5.3276E-02,-1.2155E-02,-5.5009E-03,1.6252E-01,9.9379E-03,4.0076E-02,0.0000E+00,4.0000E+00,6.3771E-02,0.0000E+00,0.0000E+00,0.0000E+00
134,4.1300E+02,5.8800E+02,-1.4520E-02,-4.4778E-01,2.7033E+01,-8.6219E+00,-5.3276E-02,-1.3210E-02,-6.9516E-03,1.6199E-01,9.9178E-03,3.9822E-02,0.0000E+00,4.0000E+00,6.3641E-02,0.0000E+00,0.0000E+00,0.0000E+00
135,4.1300E+02,5.8800E+02,-2.9663E-02,-4.8556E-01,2.7033E+01,-8.6219E+00,-5.3276E-02,-1.2545E-02,-7.1073E-03,1.7308E-01,1.0348E-02,4.1415E-02,0.0000E+00,4.0000E+00,6.6402E-02,0.0000E+00,0.0000E+00,0.0000E+00
136,4.1300E+02,5.8800E+02,-2.0909E-02,-4.5969E-01,2.7033E+01,-8.6219E+00,-5.3276E-02,-1.2576E-02,-6.6159E-03,1.6263E-01,1.0117E-02,4.3028E-02,0.0000E+00,4.0000E+00,6.4922E-02,0.0000E+00,0.0000E+00,0.0000E+00
137,4.1300E+02,5.8800E+02,-2.2467E-02,-4.6514E-01,2.7033E+01,-8.6219E+00,-5.3276E-02,-1.2242E-02,-7.5346E-03,1.6107E-01,1.0190E-02,3.7890E-02,0.0000E+00,4.0000E+00,6.5390E-02,0.0000E+00,0.0000E+00,0.0000E+00
138,4.1300E+02,5.8800E+02,-1.9992E-02,-4.6903E-01,2.7033E+01,-8.6219E+00,-5.3276E-02,-1.3327E-02,-6.4579E-03,1.6971E-01,1.0485E-02,4.4234E-02,0.0000E+00,4.0000E+00,6.7282E-02,0.0000E+00,0.0000E+00,0.0000E+00
139,4.1300E+02,5.8800E+02,-1.7267E-02,-4.9452E-01,2.7033E+01,-8.6219E+00,-5.3276E-02,-1.3533E-02,-8.4661E-03,1.6886E-01,9.9523E-03,4.1352E-02,0.0000E+00,4.0000E+00,6.3863E-02,0.0000E+00,0.0000E+00,0.0000E+00
140,4.1300E+02,5.8800E+02,-9.0882E-03,-4.3938E-01,2.7033E+01,-8.6219E+00,-5.3276E-02,-1.3967E-02,-7.1419E-03,1.6383E-01,1.0148E-02,4.0751E-02,0.0000E+00,4.0000E+00,6.5117E-02,0.0000E+00,0.0000E+00,0.0000E+00
141,4.1300E+02,5.8800E+02,-1.0322E-02,-4.9829E-01,2.7033E+01,-8.6219E+00,-5.3276E-02,-1.5238E-02,-6.7144E-03,1.7861E-01,1.0187E-02,4.2302E-02,0.0000E+00,4.0000E+00,6.5369E-02,0.0000E+00,0.0000E+00,0.0000E+00
142,4.1300E+02,5.8800E+02,-1.4647E-01,-3.1679E-01,2.7033E+01,-8.6219E+00,-5.3276E-02,1.6362E-03,1.5776E-04,1.6127E-01,9.9725E-03,4.1679E-02,0.0000E+00,4.0000E+00,6.3992E-02,0.0000E+00,0.0000E+00,0.0000E+00
143,4.1300E+02,5.8800E+02,-1.4337E-01,-3.2860E-01,2.7033E+01,-8.6219E+00,-5.3276E-02,6.5095E-04,-1.2063E-03,1.6868E-01,1.0081E-02,4.0306E-02,0.0000E+00,4.0000E+00,6.4687E-02,0.0000E+00,0.0000E+00,0.0000E+00
144,4.1300E+02,5.8800E+02,-1.5089E-01,-3.1470E-01,2.7033E+01,-8.6219E+00,-5.3276E-02,6.5570E-04,-8.0672E-04,1.7818E-01,1.0568E-02,4.1483E-02,0.0000E+00,4.0000E+00,6.7816E-02,0.0000E+00,0.0000E+00,0.0000E+00
145,4.1300E+02,5.8800E+02,-1.5515E-01,-3.4652E-01,2.7033E+01,-8.6219E+00,-5.3276E-02,1.2968E-03,-1.7618E-03,1.7617E-01,1.0068E-02,4.1450E-02,0.0000E+00,4.0000E+00,6.4605E-02,0.0000E+00,0.0000E+00,0.0000E+00
146,4.1300E+02,5.8800E+02,-1.5325E-01,-3.2931E-01,2.7033E+01,-8.6219E+00,-5.3276E-02,9.9347E-04,-1.0028E-03,1.7720E-01,1.0291E-02,4.2176E-02,0.0000E+00,4.0000E+00,6.6033E-02,0.0000E+00,0.0000E+00,0.0000E+00
