FRAME,COORDINATE_X,COORDINATE_Y,DISPLACEMENT_X,DISPLACEMENT_Y,MODEL_COORDINATES_X,MODEL_COORDINATES_Y,MODEL_COORDINATES_Z,MODEL_DISPLACEMENT_X,MODEL_DISPLACEMENT_Y,MODEL_DISPLACEMENT_Z,SIGMA,GAMMA,BETA,STATUS_FLAG,UNCERTAINTY,VSG_STRAIN_XX,VSG_STRAIN_YY,VSG_STRAIN_XY
0,5.3300E+02,7.0800E+02,-3.9748E-03,-4.5384E-02,1.3595E+01,-1.7518E+00,6.7398E-02,1.0741E-04,-6.0925E-04,4.5945E-03,9.8673E-03,5.2099E-02,0.0000E+00,4.0000E+00,6.5104E-02,0.0000E+00,0.0000E+00,0.0000E+00
1,5.3300E+02,7.0800E+02,-3.5823E-02,-4.6374E-02,1.3595E+01,-1.7518E+00,6.7398E-02,4.1037E-03,-1.3251E-03,-2.2858E-03,9.8483E-03,5.5901E-02,0.0000E+00,4.0000E+00,6.4979E-02,0.0000E+00,0.0000E+00,0.0000E+00
2,5.3300E+02,7.0800E+02,-5.1404E-02,-8.5333E-02,1.3595E+01,-1.7518E+00,6.7398E-02,5.4964E-03,-1.8039E-03,2.4607E-03,1.0024E-02,4.9953E-02,0.0000E+00,4.0000E+00,6.6141E-02,0.0000E+00,0.0000E+00,0.0000E+00
3,5.3300E+02,7.0800E+02,-4.3472E-02,-8.4533E-02,1.3595E+01,-1.7518E+00,6.7398E-02,5.0607E-03,-2.7965E-03,-4.1455E-03,9.9673E-03,5.1054E-02,0.0000E+00,4.0000E+00,6.5764E-02,0.0000E+00,0.0000E+00,0.0000E+00
4,5.3300E+02,7.0800E+02,-4.1049E-02,-6.8544E-02,1.3595E+01,-1.7518E+00,6.7398E-02,5.1809E-03,-2.8611E-03,-9.9048E-03,9.8297E-03,5.1422E-02,0.0000E+00,4.0000E+00,6.4856E-02,0.0000E+00,0.0000E+00,0.0000E+00
5,5.3300E+02,7.0800E+02,-5.0656E-02,-1.1742E-01,1.3595E+01,-1.7518E+00,6.7398E-02,5.4821E-03,-3.1706E-03,1.2639E-03,1.0068E-02,5.1934E-02,0.0000E+00,4.0000E+00,6.6430E-02,0.0000E+00,0.0000E+00,0.0000E+00
6,5.3300E+02,7.0800E+02,-4.4712E-02,-1.1244E-01,1.3595E+01,-1.7518E+00,6.7398E-02,5.4215E-03,-3.6348E-03,-7.8362E-03,1.0159E-02,5.2604E-02,0.0000E+00,4.0000E+00,6.7031E-02,0.0000E+00,0.0000E+00,0.0000E+00
7,5.3300E+02,7.0800E+02,-3.1225E-02,-6.5795E-02,1.3595E+01,-1.7518E+00,6.7398E-02,4.1430E-03,-3.2993E-03,-1.0556E-02,1.0328E-02,5.4926E-02,0.0000E+00,4.0000E+00,6.8143E-02,0.0000E+00,0.0000E+00,0.0000E+00
8,5.3300E+02,7.0800E+02,-4.5429E-02,-3.3991E-02,1.3595E+01,-1.7518E+00,6.7398E-02,5.1203E-03,-1.0242E-03,-1.3666E-03,1.0104E-02,5.1848E-02,0.0000E+00,4.0000E+00,6.6668E-02,0.0000E+00,0.0000E+00,0.0000E+00
9,5.3300E+02,7.0800E+02,-4.6727E-02,2.3655E-03,1.3595E+01,-1.7518E+00,6.7398E-02,5.3609E-03,5.4869E-06,-2.5528E-03,1.0291E-02,5.1666E-02,0.0000E+00,4.0000E+00,6.7899E-02,0.0000E+00,0.0000E+00,0.0000E+00
10,5.3300E+02,7.0800E+02,-4.1572E-02,5.5307E-03,1.3595E+01,-1.7518E+00,6.7398E-02,4.9562E-03,-9.0418E-04,-4.8169E-03,1.0199E-02,5.2651E-02,0.0000E+00,4.0000E+00,6.7292E-02,0.0000E+00,0.0000E+00,0.0000E+00
11,5.3300E+02,7.0800E+02,-5.2150E-02,1.5818E-02,1.3595E+01,-1.7518E+00,6.7398E-02,5.5922E-03,7.4574E-04,3.2316E-03,9.5876E-03,5.0165E-02,0.0000E+00,4.0000E+00,6.3259E-02,0.0000E+00,0.0000E+00,0.0000E+00
12,5.3300E+02,7.0800E+02,-5.9440E-02,5.9797E-02,1.3595E+01,-1.7518E+00,6.7398E-02,6.1243E-03,1.9312E-03,7.9698E-03,1.0275E-02,5.4462E-02,0.0000E+00,4.0000E+00,6.7793E-02,0.0000E+00,0.0000E+00,0.0000E+00
13,5.3300E+02,7.0800E+02,-4.0813E-02,2.5175E-02,1.3595E+01,-1.7518E+00,6.7398E-02,4.0414E-03,3.6518E-04,8.0502E-03,1.0678E-02,5.3379E-02,0.0000E+00,4.0000E+00,7.0451E-02,0.0000E+00,0.0000E+00,0.0000E+00
14,5.3300E+02,7.0800E+02,-5.9571E-02,1.7924E-02,1.3595E+01,-1.7518E+00,6.7398E-02,5.8146E-03,-4.9191E-04,1.3066E-02,9.5309E-03,5.0018E-02,0.0000E+00,4.0000E+00,6.2885E-02,0.0000E+00,0.0000E+00,0.0000E+00
15,5.3300E+02,7.0800E+02,-5.2739E-02,5.1608E-02,1.3595E+01,-1.7518E+00,6.7398E-02,5.1042E-03,1.3924E-03,1.2286E-02,9.8654E-03,5.1718E-02,0.0000E+00,4.0000E+00,6.5092E-02,0.0000E+00,0.0000E+00,0.0000E+00
16,5.3300E+02,7.0800E+02,-5.8865E-02,3.1336E-02,1.3595E+01,-1.7518E+00,6.7398E-02,5.6072E-03,1.0541E-03,1.4801E-02,1.0486E-02,5.3007E-02,0.0000E+00,4.0000E+00,6.9186E-02,0.0000E+00,0.0000E+00,0.0000E+00
17,5.3300E+02,7.0800E+02,-6.2188E-02,6.6432E-02,1.3595E+01,-1.7518E+00,6.7398E-02,5.5775E-03,2.8830E-03,2.1047E-02,9.9580E-03,5.3396E-02,0.0000E+00,4.0000E+00,6.5703E-02,0.0000E+00,0.0000E+00,0.0000E+00
18,5.3300E+02,7.0800E+02,-6.4150E-02,4.3949E-02,1.3595E+01,-1.7518E+00,6.7398E-02,6.1522E-03,1.4728E-03,1.5554E-02,9.9565E-03,4.9978E-02,0.0000E+00,4.0000E+00,6.5693E-02,0.0000E+00,0.0000E+00,0.0000E+00
19,5.3300E+02,7.0800E+02,-6.0124E-02,3.9446E-02,1.3595E+01,-1.7518E+00,6.7398E-02,5.9949E-03,4.6996E-04,1.1285E-02,1.0065E-02,5.2547E-02,0.0000E+00,4.0000E+00,6.6411E-02,0.0000E+00,0.0000E+00,0.0000E+00
20,5.3300E+02,7.0800E+02,-7.9197E-02,1.5198E-02,1.3595E+01,-1.7518E+00,6.7398E-02,7.7477E-03,8.2909E-04,1.6446E-02,1.0010E-02,5.3759E-02,0.0000E+00,4.0000E+00,6.6046E-02,0.0000E+00,0.0000E+00,0.0000E+00
21,5.3300E+02,7.0800E+02,-6.9745E-02,2.0035E-02,1.3595E+01,-1.7518E+00,6.7398E-02,6.7537E-03,9.7475E-04,1.5602E-02,9.8838E-03,5.4291E-02,0.0000E+00,4.0000E+00,6.5213E-02,0.0000E+00,0.0000E+00,0.0000E+00
22,5.3300E+02,7.0800E+02,-5.7601E-02,5.1174E-02,1.3595E+01,-1.7518E+00,6.7398E-02,5.4843E-03,1.9780E-03,1.4582E-02,9.5037E-03,5.3027E-02,0.0000E+00,4.0000E+00,6.2705E-02,0.0000E+00,0.0000E+00,0.0000E+00
23,5.3300E+02,7.0800E+02,-6.4780E-02,5.8929E-02,1.3595E+01,-1.7518E+00,6.7398E-02,6.3728E-03,2.3326E-03,1.3195E-02,1.0036E-02,5.1230E-02,0.0000E+00,4.0000E+00,6.6216E-02,0.0000E+00,0.0000E+00,0.0000E+00
24,5.3300E+02,7.0800E+02,-5.7994E-02,4.2763E-02,1.3595E+01,-1.7518E+00,6.7398E-02,5.4436E-03,3.1720E-03,1.5344E-02,1.0145E-02,5.5513E-02,0.0000E+00,4.0000E+00,6.6937E-02,0.0000E+00,0.0000E+00,0.0000E+00
25,5.3300E+02,7.0800E+02,-6.4266E-02,5.9290E-02,1.3595E+01,-1.7518E+00,6.7398E-02,5.7760E-03,3.5456E-03,2.1202E-02,1.0480E-02,5.2442E-02,0.0000E+00,4.0000E+00,6.9145E-02,0.0000E+00,0.0000E+00,0.0000E+00
26,5.3300E+02,7.0800E+02,-5.8242E-02,5.3626E-02,1.3595E+01,-1.7518E+00,6.7398E-02,5.4362E-03,3.2266E-03,1.6069E-02,1.0486E-02,5.5163E-02,0.0000E+00,4.0000E+00,6.9186E-02,0.0000E+00,0.0000E+00,0.0000E+00
27,5.3300E+02,7.0800E+02,-7.1960E-02,4.0304E-02,1.3595E+01,-1.7518E+00,6.7398E-02,6.4460E-03,3.3345E-03,2.3813E-02,9.7594E-03,5.3471E-02,0.0000E+00,4.0000E+00,6.4392E-02,0.0000E+00,0.0000E+00,0.0000E+00
28,5.3300E+02,7.0800E+02,-6.3528E-02,6.3344E-02,1.3595E+01,-1.7518E+00,6.7398E-02,5.7522E-03,2.8097E-03,2.0615E-02,9.8593E-03,5.4876E-02,0.0000E+00,4.0000E+00,6.5052E-02,0.0000E+00,0.0000E+00,0.0000E+00
29,5.3300E+02,7.0800E+02,-8.5146E-02,6.8410E-02,1.3595E+01,-1.7518E+00,6.7398E-02,7.0575E-03,5.2881E-03,3.6976E-02,9.7748E-03,5.3180E-02,0.0000E+00,4.0000E+00,6.4494E-02,0.0000E+00,0.0000E+00,0.0000E+00
30,5.3300E+02,7.0800E+02,-7.1028E-02,7.4491E-02,1.3595E+01,-1.7518E+00,6.7398E-02,6.4733E-03,3.2398E-03,2.2429E-02,9.9147E-03,5.1029E-02,0.0000E+00,4.0000E+00,6.5417E-02,0.0000E+00,0.0000E+00,0.0000E+00
31,5.3300E+02,7.0800E+02,-7.7012E-02,8.0036E-02,1.3595E+01,-1.7518E+00,6.7398E-02,7.1219E-03,4.4116E-03,2.2397E-02,1.0024E-02,5.0962E-02,0.0000E+00,4.0000E+00,6.6136E-02,0.0000E+00,0.0000E+00,0.0000E+00
32,5.3300E+02,7.0800E+02,-6.8702E-02,8.4459E-02,1.3595E+01,-1.7518E+00,6.7398E-02,6.3709E-03,3.9755E-03,1.9933E-02,1.0617E-02,5.4480E-02,0.0000E+00,4.0000E+00,7.0049E-02,0.0000E+00,0.0000E+00,0.0000E+00
33,5.3300E+02,7.0800E+02,-6.9757E-02,4.7640E-02,1.3595E+01,-1.7518E+00,6.7398E-02,5.7989E-03,4.3391E-03,2.9875E-02,1.0038E-02,5.1650E-02,0.0000E+00,4.0000E+00,6.6231E-02,0.0000E+00,0.0000E+00,0.0000E+00
34,5.3300E+02,7.0800E+02,-7.1822E-02,4.7089E-02,1.3595E+01,-1.7518E+00,6.7398E-02,6.0883E-03,4.3434E-03,2.8932E-02,1.0677E-02,5.5816E-02,0.0000E+00,4.0000E+00,7.0448E-02,0.0000E+00,0.0000E+00,0.0000E+00
35,5.3300E+02,7.0800E+02,-6.6566E-02,4.1814E-02,1.3595E+01,-1.7518E+00,6.7398E-02,5.5655E-03,4.4370E-03,2.7848E-02,1.0126E-02,5.5807E-02,0.0000E+00,4.0000E+00,6.6811E-02,0.0000E+00,0.0000E+00,0.0000E+00
36,5.3300E+02,7.0800E+02,-6.8394E-02,1.3692E-02,1.3595E+01,-1.7518E+00,6.7398E-02,6.0075E-03,2.8637E-03,2.4141E-02,1.0083E-02,5.2509E-02,0.0000E+00,4.0000E+00,6.6527E-02,0.0000E+00,0.0000E+00,0.0000E+00
37,5.3300E+02,7.0800E+02,-7.7391E-02,5.5935E-02,1.3595E+01,-1.7518E+00,6.7398E-02,6.2328E-03,5.6282E-03,3.6055E-02,1.0042E-02,5.2514E-02,0.0000E+00,4.0000E+00,6.6254E-02,0.0000E+00,0.0000E+00,0.0000E+00
38,5.3300E+02,7.0800E+02,-7.5108E-02,6.4326E-02,1.3595E+01,-1.7518E+00,6.7398E-02,5.6134E-03,5.6568E-03,4.1893E-02,9.9148E-03,5.0047E-02,0.0000E+00,4.0000E+00,6.5418E-02,0.0000E+00,0.0000E+00,0.0000E+00
39,5.3300E+02,7.0800E+02,-7.8300E-02,2.6763E-02,1.3595E+01,-1.7518E+00,6.7398E-02,5.7029E-03,6.0942E-03,4.5197E-02,1.0238E-02,5.1703E-02,0.0000E+00,4.0000E+00,6.7550E-02,0.0000E+00,0.0000E+00,0.0000E+00
40,5.3300E+02,7.0800E+02,-7.5944E-02,5.7428E-02,1.3595E+01,-1.7518E+00,6.7398E-02,5.8269E-03,5.9029E-03,3.9807E-02,1.0468E-02,4.9284E-02,0.0000E+00,4.0000E+00,6.9071E-02,0.0000E+00,0.0000E+00,0.0000E+00
41,5.3300E+02,7.0800E+02,-7.6387E-02,5.5645E-02,1.3595E+01,-1.7518E+00,6.7398E-02,5.5584E-03,5.4146E-03,4.4886E-02,1.0228E-02,5.4520E-02,0.0000E+00,4.0000E+00,6.7485E-02,0.0000E+00,0.0000E+00,0.0000E+00
42,5.3300E+02,7.0800E+02,-8.3277E-02,4.6669E-02,1.3595E+01,-1.7518E+00,6.7398E-02,5.6182E-03,6.0245E-03,5.5516E-02,1.0074E-02,5.2142E-02,0.0000E+00,4.0000E+00,6.6467E-02,0.0000E+00,0.0000E+00,0.0000E+00
43,5.3300E+02,7.0800E+02,-8.9147E-02,4.4805E-02,1.3595E+01,-1.7518E+00,6.7398E-02,6.2620E-03,5.8678E-03,5.5668E-02,1.0377E-02,5.3954E-02,0.0000E+00,4.0000E+00,6.8468E-02,0.0000E+00,0.0000E+00,0.0000E+00
44,5.3300E+02,7.0800E+02,-8.1829E-02,4.9804E-02,1.3595E+01,-1.7518E+00,6.7398E-02,5.9356E-03,4.6157E-03,4.8594E-02,9.7821E-03,5.0498E-02,0.0000E+00,4.0000E+00,6.4542E-02,0.0000E+00,0.0000E+00,0.0000E+00
45,5.3300E+02,7.0800E+02,-8.1003E-02,3.6049E-02,1.3595E+01,-1.7518E+00,6.7398E-02,6.1446E-03,4.5433E-03,4.3680E-02,1.0043E-02,5.1524E-02,0.0000E+00,4.0000E+00,6.6264E-02,0.0000E+00,0.0000E+00,0.0000E+00
46,5.3300E+02,7.0800E+02,-8.2613E-02,2.9663E-02,1.3595E+01,-1.7518E+00,6.7398E-02,6.1482E-03,4.7440E-03,4.6228E-02,1.0037E-02,5.4596E-02,0.0000E+00,4.0000E+00,6.6227E-02,0.0000E+00,0.0000E+00,0.0000E+00
47,5.3300E+02,7.0800E+02,-8.7058E-02,3.7146E-02,1.3595E+01,-1.7518E+00,6.7398E-02,6.3649E-03,5.6058E-03,5.0397E-02,9.6422E-03,5.1593E-02,0.0000E+00,4.0000E+00,6.3619E-02,0.0000E+00,0.0000E+00,0.0000E+00
48,5.3300E+02,7.0800E+02,-8.7057E-02,4.3981E-02,1.3595E+01,-1.7518E+00,6.7398E-02,6.7828E-03,5.8055E-03,4.3947E-02,9.9315E-03,5.0506E-02,0.0000E+00,4.0000E+00,6.5528E-02,0.0000E+00,0.0000E+00,0.0000E+00
49,5.3300E+02,7.0800E+02,-1.1035E-01,2.7754E-02,1.3595E+01,-1.7518E+00,6.7398E-02,7.9811E-03,7.1148E-03,6.4880E-02,9.8307E-03,5.1904E-02,0.0000E+00,4.0000E+00,6.4863E-02,0.0000E+00,0.0000E+00,0.0000E+00
50,5.3300E+02,7.0800E+02,-9.4938E-02,5.9770E-02,1.3595E+01,-1.7518E+00,6.7398E-02,6.9286E-03,6.7953E-03,5.5275E-02,1.0375E-02,5.3150E-02,0.0000E+00,4.0000E+00,6.8454E-02,0.0000E+00,0.0000E+00,0.0000E+00
51,5.3300E+02,7.0800E+02,-9.8552E-02,2.0934E-02,1.3595E+01,-1.7518E+00,6.7398E-02,7.0540E-03,5.9365E-03,5.9157E-02,1.0205E-02,5.1731E-02,0.0000E+00,4.0000E+00,6.7332E-02,0.0000E+00,0.0000E+00,0.0000E+00
52,5.3300E+02,7.0800E+02,-1.1186E-01,5.5025E-02,1.3595E+01,-1.7518E+00,6.7398E-02,8.3403E-03,7.4505E-03,6.2272E-02,1.0222E-02,5.1297E-02,0.0000E+00,4.0000E+00,6.7442E-02,0.0000E+00,0.0000E+00,0.0000E+00
53,5.3300E+02,7.0800E+02,-1.0226E-01,6.6524E-02,1.3595E+01,-1.7518E+00,6.7398E-02,7.6875E-03,6.4867E-03,5.6363E-02,9.8873E-03,5.2023E-02,0.0000E+00,4.0000E+00,6.5236E-02,0.0000E+00,0.0000E+00,0.0000E+00
54,5.3300E+02,7.0800E+02,-9.8639E-02,4.8570E-02,1.3595E+01,-1.7518E+00,6.7398E-02,6.9169E-03,6.5991E-03,6.1726E-02,9.5391E-03,5.1466E-02,0.0000E+00,4.0000E+00,6.2939E-02,0.0000E+00,0.0000E+00,0.0000E+00
55,5.3300E+02,7.0800E+02,-1.0272E-01,8.9872E-02,1.3595E+01,-1.7518E+00,6.7398E-02,7.3921E-03,8.9540E-03,6.1356E-02,1.0061E-02,5.2037E-02,0.0000E+00,4.0000E+00,6.6384E-02,0.0000E+00,0.0000E+00,0.0000E+00
56,5.3300E+02,7.0800E+02,-1.1569E-01,6.0212E-02,1.3595E+01,-1.7518E+00,6.7398E-02,8.3458E-03,8.8712E-03,6.8434E-02,1.0458E-02,5.2977E-02,0.0000E+00,4.0000E+00,6.9002E-02,0.0000E+00,0.0000E+00,0.0000E+00
57,5.3300E+02,7.0800E+02,-1.0957E-01,7.8837E-02,1.3595E+01,-1.7518E+00,6.7398E-02,7.8532E-03,9.1663E-03,6.5761E-02,1.0042E-02,5.2512E-02,0.0000E+00,4.0000E+00,6.6259E-02,0.0000E+00,0.0000E+00,0.0000E+00
58,5.3300E+02,7.0800E+02,-1.1791E-01,5.3216E-02,1.3595E+01,-1.7518E+00,6.7398E-02,8.4836E-03,8.4128E-03,7.0167E-02,1.0092E-02,5.1098E-02,0.0000E+00,4.0000E+00,6.6586E-02,0.0000E+00,0.0000E+00,0.0000E+00
59,5.3300E+02,7.0800E+02,-1.0345E-01,6.4089E-02,1.3595E+01,-1.7518E+00,6.7398E-02,7.4860E-03,8.5439E-03,6.0828E-02,9.9187E-03,5.1022E-02,0.0000E+00,4.0000E+00,6.5444E-02,0.0000E+00,0.0000E+00,0.0000E+00
60,5.3300E+02,7.0800E+02,-1.1033E-01,1.1014E-01,1.3595E+01,-1.7518E+00,6.7398E-02,8.2924E-03,8.3564E-03,6.1081E-02,1.0075E-02,5.4976E-02,0.0000E+00,4.0000E+00,6.6474E-02,0.0000E+00,0.0000E+00,0.0000E+00
61,5.3300E+02,7.0800E+02,-1.2156E-01,1.0902E-01,1.3595E+01,-1.7518E+00,6.7398E-02,9.0154E-03,9.9519E-03,6.8712E-02,9.9824E-03,4.9888E-02,0.0000E+00,4.0000E+00,6.5864E-02,0.0000E+00,0.0000E+00,0.0000E+00
62,5.3300E+02,7.0800E+02,-1.2929E-01,3.8582E-02,1.3595E+01,-1.7518E+00,6.7398E-02,1.0427E-02,7.1791E-03,5.9737E-02,9.7639E-03,5.1542E-02,0.0000E+00,4.0000E+00,6.4422E-02,0.0000E+00,0.0000E+00,0.0000E+00
63,5.3300E+02,7.0800E+02,-1.1578E-01,9.2053E-02,1.3595E+01,-1.7518E+00,6.7398E-02,9.6547E-03,7.7365E-03,4.9177E-02,1.0924E-02,5.4016E-02,0.0000E+00,4.0000E+00,7.2078E-02,0.0000E+00,0.0000E+00,0.0000E+00
64,5.3300E+02,7.0800E+02,-1.0517E-01,1.1118E-01,1.3595E+01,-1.7518E+00,6.7398E-02,8.3057E-03,9.2545E-03,5.1662E-02,1.0374E-02,5.2143E-02,0.0000E+00,4.0000E+00,6.8446E-02,0.0000E+00,0.0000E+00,0.0000E+00
65,5.3300E+02,7.0800E+02,-1.0900E-01,9.8159E-02,1.3595E+01,-1.7518E+00,6.7398E-02,8.0703E-03,9.4695E-03,6.1642E-02,9.4760E-03,5.0695E-02,0.0000E+00,4.0000E+00,6.2522E-02,0.0000E+00,0.0000E+00,0.0000E+00
66,5.3300E+02,7.0800E+02,-1.2728E-01,9.1962E-02,1.3595E+01,-1.7518E+00,6.7398E-02,9.8658E-03,9.3391E-03,6.5253E-02,1.0364E-02,5.2557E-02,0.0000E+00,4.0000E+00,6.8384E-02,0.0000E+00,0.0000E+00,0.0000E+00
67,5.3300E+02,7.0800E+02,-1.2968E-01,8.9735E-02,1.3595E+01,-1.7518E+00,6.7398E-02,1.0055E-02,9.7322E-03,6.6306E-02,9.7543E-03,5.1381E-02,0.0000E+00,4.0000E+00,6.4358E-02,0.0000E+00,0.0000E+00,0.0000E+00
68,5.3300E+02,7.0800E+02,-1.0854E-01,1.1329E-01,1.3595E+01,-1.7518E+00,6.7398E-02,8.4412E-03,8.7448E-03,5.5584E-02,9.9600E-03,4.9726E-02,0.0000E+00,4.0000E+00,6.5716E-02,0.0000E+00,0.0000E+00,0.0000E+00
69,5.3300E+02,7.0800E+02,-1.0732E-01,8.6663E-02,1.3595E+01,-1.7518E+00,6.7398E-02,8.7591E-03,7.1479E-03,4.8577E-02,1.0078E-02,5.2830E-02,0.0000E+00,4.0000E+00,6.6493E-02,0.0000E+00,0.0000E+00,0.0000E+00
70,5.3300E+02,7.0800E+02,-1.0495E-01,7.7841E-02,1.3595E+01,-1.7518E+00,6.7398E-02,8.6740E-03,6.4331E-03,4.5880E-02,9.6476E-03,5.1836E-02,0.0000E+00,4.0000E+00,6.3654E-02,0.0000E+00,0.0000E+00,0.0000E+00
71,5.3300E+02,7.0800E+02,-1.0470E-01,7.5411E-02,1.3595E+01,-1.7518E+00,6.7398E-02,8.3568E-03,6.4820E-03,5.0331E-02,1.0216E-02,5.2529E-02,0.0000E+00,4.0000E+00,6.7408E-02,0.0000E+00,0.0000E+00,0.0000E+00
72,5.3300E+02,7.0800E+02,-1.0184E-01,1.1109E-01,1.3595E+01,-1.7518E+00,6.7398E-02,8.6464E-03,6.5709E-03,4.1493E-02,1.0442E-02,5.1746E-02,0.0000E+00,4.0000E+00,6.8898E-02,0.0000E+00,0.0000E+00,0.0000E+00
73,5.3300E+02,7.0800E+02,-1.1171E-01,1.0222E-01,1.3595E+01,-1.7518E+00,6.7398E-02,9.0689E-03,6.7030E-03,5.1793E-02,9.7455E-03,5.2371E-02,0.0000E+00,4.0000E+00,6.4301E-02,0.0000E+00,0.0000E+00,0.0000E+00
74,5.3300E+02,7.0800E+02,-1.2279E-01,8.0052E-02,1.3595E+01,-1.7518E+00,6.7398E-02,9.7428E-03,7.5613E-03,5.9773E-02,9.8752E-03,5.0949E-02,0.0000E+00,4.0000E+00,6.5156E-02,0.0000E+00,0.0000E+00,0.0000E+00
75,5.3300E+02,7.0800E+02,-1.1405E-01,7.0529E-02,1.3595E+01,-1.7518E+00,6.7398E-02,9.5604E-03,6.0872E-03,4.7800E-02,1.0261E-02,5.2408E-02,0.0000E+00,4.0000E+00,6.7700E-02,0.0000E+00,0.0000E+00,0.0000E+00
76,5.3300E+02,7.0800E+02,-1.1684E-01,8.8270E-02,1.3595E+01,-1.7518E+00,6.7398E-02,9.4344E-03,8.1122E-03,5.4250E-02,1.0475E-02,5.2831E-02,0.0000E+00,4.0000E+00,6.9116E-02,0.0000E+00,0.0000E+00,0.0000E+00
77,5.3300E+02,7.0800E+02,-1.0954E-01,7.7774E-02,1.3595E+01,-1.7518E+00,6.7398E-02,8.9234E-03,6.9122E-03,4.9769E-02,9.7420E-03,5.0023E-02,0.0000E+00,4.0000E+00,6.4278E-02,0.0000E+00,0.0000E+00,0.0000E+00
78,5.3300E+02,7.0800E+02,-1.1256E-01,3.8994E-02,1.3595E+01,-1.7518E+00,6.7398E-02,9.4936E-03,5.5749E-03,4.5870E-02,9.7905E-03,5.2302E-02,0.0000E+00,4.0000E+00,6.4598E-02,0.0000E+00,0.0000E+00,0.0000E+00
79,5.3300E+02,7.0800E+02,-9.9475E-02,6.2827E-02,1.3595E+01,-1.7518E+00,6.7398E-02,8.6318E-03,5.7959E-03,3.6994E-02,1.0245E-02,5.3574E-02,0.0000E+00,4.0000E+00,6.7599E-02,0.0000E+00,0.0000E+00,0.0000E+00
80,5.3300E+02,7.0800E+02,-1.0124E-01,8.4441E-02,1.3595E+01,-1.7518E+00,6.7398E-02,8.2880E-03,7.1186E-03,4.5351E-02,1.0265E-02,5.0064E-02,0.0000E+00,4.0000E+00,6.7726E-02,0.0000E+00,0.0000E+00,0.0000E+00
81,5.3300E+02,7.0800E+02,-1.2797E-01,7.8204E-02,1.3595E+01,-1.7518E+00,6.7398E-02,1.0800E-02,7.2377E-03,5.2351E-02,1.0382E-02,5.2476E-02,0.0000E+00,4.0000E+00,6.8498E-02,0.0000E+00,0.0000E+00,0.0000E+00
82,5.3300E+02,7.0800E+02,-1.1248E-01,6.4536E-02,1.3595E+01,-1.7518E+00,6.7398E-02,9.7773E-03,6.2050E-03,4.1562E-02,1.0007E-02,5.3887E-02,0.0000E+00,4.0000E+00,6.6027E-02,0.0000E+00,0.0000E+00,0.0000E+00
83,5.3300E+02,7.0800E+02,-1.1257E-01,7.3700E-02,1.3595E+01,-1.7518E+00,6.7398E-02,9.1464E-03,7.5224E-03,5.1274E-02,1.0078E-02,5.2585E-02,0.0000E+00,4.0000E+00,6.6493E-02,0.0000E+00,0.0000E+00,0.0000E+00
84,5.3300E+02,7.0800E+02,-1.1173E-01,6.4497E-02,1.3595E+01,-1.7518E+00,6.7398E-02,9.4347E-03,6.7308E-03,4.5417E-02,9.9905E-03,5.1711E-02,0.0000E+00,4.0000E+00,6.5917E-02,0.0000E+00,0.0000E+00,0.0000E+00
85,5.3300E+02,7.0800E+02,-1.0837E-01,8.2589E-02,1.3595E+01,-1.7518E+00,6.7398E-02,9.0164E-03,7.2893E-03,4.6260E-02,1.0098E-02,5.2542E-02,0.0000E+00,4.0000E+00,6.6625E-02,0.0000E+00,0.0000E+00,0.0000E+00
86,5.3300E+02,7.0800E+02,-1.1281E-01,8.2068E-02,1.3595E+01,-1.7518E+00,6.7398E-02,9.7250E-03,8.1193E-03,4.2636E-02,1.0147E-02,5.1326E-02,0.0000E+00,4.0000E+00,6.6949E-02,0.0000E+00,0.0000E+00,0.0000E+00
87,5.3300E+02,7.0800E+02,-1.0995E-01,8.0484E-02,1.3595E+01,-1.7518E+00,6.7398E-02,9.4155E-03,7.3421E-03,4.2728E-02,1.0145E-02,5.1503E-02,0.0000E+00,4.0000E+00,6.6934E-02,0.0000E+00,0.0000E+00,0.0000E+00
88,5.3300E+02,7.0800E+02,-1.1562E-01,8.1095E-02,1.3595E+01,-1.7518E+00,6.7398E-02,9.7200E-03,7.7991E-03,4.7654E-02,1.0233E-02,5.4241E-02,0.0000E+00,4.0000E+00,6.7519E-02,0.0000E+00,0.0000E+00,0.0000E+00
89,5.3300E+02,7.0800E+02,-1.1818E-01,7.0658E-02,1.3595E+01,-1.7518E+00,6.7398E-02,9.3641E-03,7.5953E-03,5.7517E-02,9.9972E-03,5.2300E-02,0.0000E+00,4.0000E+00,6.5961E-02,0.0000E+00,0.0000E+00,0.0000E+00
90,5.3300E+02,7.0800E+02,-1.1036E-01,8.1998E-02,1.3595E+01,-1.7518E+00,6.7398E-02,9.5384E-03,7.0028E-03,4.1667E-02,9.7373E-03,5.0980E-02,0.0000E+00,4.0000E+00,6.4247E-02,0.0000E+00,0.0000E+00,0.0000E+00
91,5.3300E+02,7.0800E+02,-1.2167E-01,8.7631E-02,1.3595E+01,-1.7518E+00,6.7398E-02,1.0020E-02,7.6297E-03,5.3641E-02,1.0240E-02,5.1624E-02,0.0000E+00,4.0000E+00,6.7565E-02,0.0000E+00,0.0000E+00,0.0000E+00
92,5.3300E+02,7.0800E+02,-1.1037E-01,9.0635E-02,1.3595E+01,-1.7518E+00,6.7398E-02,9.5790E-03,7.0579E-03,4.1179E-02,1.0443E-02,5.3636E-02,0.0000E+00,4.0000E+00,6.8901E-02,0.0000E+00,0.0000E+00,0.0000E+00
93,5.3300E+02,7.0800E+02,-1.0257E-01,1.0671E-01,1.3595E+01,-1.7518E+00,6.7398E-02,9.1378E-03,8.0778E-03,3.4503E-02,9.7056E-03,5.2249E-02,0.0000E+00,4.0000E+00,6.4037E-02,0.0000E+00,0.0000E+00,0.0000E+00
94,5.3300E+02,7.0800E+02,-1.1242E-01,1.0702E-01,1.3595E+01,-1.7518E+00,6.7398E-02,9.6738E-03,7.9164E-03,4.3270E-02,9.9924E-03,4.9554E-02,0.0000E+00,4.0000E+00,6.5930E-02,0.0000E+00,0.0000E+00,0.0000E+00
95,5.3300E+02,7.0800E+02,-1.1568E-01,1.1946E-01,1.3595E+01,-1.7518E+00,6.7398E-02,1.0436E-02,7.8575E-03,3.7301E-02,9.9173E-03,5.1621E-02,0.0000E+00,4.0000E+00,6.5434E-02,0.0000E+00,0.0000E+00,0.0000E+00
96,5.3300E+02,7.0800E+02,-4.8003E-01,-5.9611E-01,1.3595E+01,-1.7518E+00,6.7398E-02,1.3176E-02,2.3002E-02,6.0658E-01,9.5593E-03,4.3279E-02,0.0000E+00,4.0000E+00,6.3072E-02,0.0000E+00,0.0000E+00,0.0000E+00
97,5.3300E+02,7.0800E+02,-1.0918E+00,-2.0685E+00,1.3595E+01,-1.7518E+00,6.7398E-02,2.4957E-02,3.4180E-02,1.4478E+00,9.8028E-03,5.6489E-02,0.0000E+00,4.0000E+00,6.4679E-02,0.0000E+00,0.0000E+00,0.0000E+00
98,5.3300E+02,7.0800E+02,-1.5570E+00,-3.1733E+00,1.3595E+01,-1.7518E+00,6.7398E-02,3.0926E-02,4.5359E-02,2.1310E+00,1.0400E-02,4.7129E-02,0.0000E+00,4.0000E+00,6.8621E-02,0.0000E+00,0.0000E+00,0.0000E+00
99,5.3300E+02,7.0800E+02,-2.0714E+00,-4.4051E+00,1.3595E+01,-1.7518E+00,6.7398E-02,3.4107E-02,5.7479E-02,2.9369E+00,9.8677E-03,5.2930E-02,0.0000E+00,4.0000E+00,6.5107E-02,0.0000E+00,0.0000E+00,0.0000E+00
100,5.3300E+02,7.0800E+02,-2.7253E+00,-5.6801E+00,1.3595E+01,-1.7518E+00,6.7398E-02,5.3518E-02,7.5565E-02,3.7245E+00,1.0731E-02,5.2721E-02,0.0000E+00,4.0000E+00,7.0800E-02,0.0000E+00,0.0000E+00,0.0000E+00
101,5.3300E+02,7.0800E+02,-3.2478E+00,-6.8571E+00,1.3595E+01,-1.7518E+00,6.7398E-02,6.0165E-02,8.9932E-02,4.4854E+00,9.7142E-03,5.7364E-02,0.0000E+00,4.0000E+00,6.4094E-02,0.0000E+00,0.0000E+00,0.0000E+00
102,5.3300E+02,7.0800E+02,-3.8463E+00,-8.0459E+00,1.3595E+01,-1.7518E+00,6.7398E-02,7.2980E-02,1.0919E-01,5.2759E+00,9.9365E-03,6.2576E-02,0.0000E+00,4.0000E+00,6.5561E-02,0.0000E+00,0.0000E+00,0.0000E+00
103,5.3300E+02,7.0800E+02,-4.3333E+00,-9.2856E+00,1.3595E+01,-1.7518E+00,6.7398E-02,7.6012E-02,1.2178E-01,6.0266E+00,9.7299E-03,5.6963E-02,0.0000E+00,4.0000E+00,6.4198E-02,0.0000E+00,0.0000E+00,0.0000E+00
104,5.3300E+02,7.0800E+02,-4.8840E+00,-1.0510E+01,1.3595E+01,-1.7518E+00,6.7398E-02,8.6671E-02,1.3269E-01,6.7661E+00,9.8366E-03,5.6652E-02,0.0000E+00,4.0000E+00,6.4902E-02,0.0000E+00,0.0000E+00,0.0000E+00
105,5.3300E+02,7.0800E+02,-5.3584E+00,-1.1862E+01,1.3595E+01,-1.7518E+00,6.7398E-02,8.3592E-02,1.4581E-01,7.5823E+00,1.0026E-02,6.0517E-02,0.0000E+00,4.0000E+00,6.6154E-02,0.0000E+00,0.0000E+00,0.0000E+00
106,5.3300E+02,7.0800E+02,-5.8343E+00,-1.3151E+01,1.3595E+01,-1.7518E+00,6.7398E-02,8.2806E-02,1.5771E-01,8.3650E+00,9.9123E-03,6.0321E-02,0.0000E+00,4.0000E+00,6.5401E-02,0.0000E+00,0.0000E+00,0.0000E+00
107,5.3300E+02,7.0800E+02,-6.6223E+00,-1.4634E+01,1.3595E+01,-1.7518E+00,6.7398E-02,1.0602E-01,1.7817E-01,9.2933E+00,9.8365E-03,6.1344E-02,0.0000E+00,4.0000E+00,6.4901E-02,0.0000E+00,0.0000E+00,0.0000E+00
108,5.3300E+02,7.0800E+02,-7.1394E+00,-1.5837E+01,1.3595E+01,-1.7518E+00,6.7398E-02,1.0858E-01,1.9351E-01,1.0088E+01,1.0408E-02,6.6547E-02,0.0000E+00,4.0000E+00,6.8674E-02,0.0000E+00,0.0000E+00,0.0000E+00
109,5.3300E+02,7.0800E+02,-7.6254E+00,-1.7159E+01,1.3595E+01,-1.7518E+00,6.7398E-02,1.1450E-01,2.0049E-01,1.0779E+01,9.9845E-03,6.5193E-02,0.0000E+00,4.0000E+00,6.5877E-02,0.0000E+00,0.0000E+00,0.0000E+00
110,5.3300E+02,7.0800E+02,-7.0894E+00,-1.5836E+01,1.3595E+01,-1.7518E+00,6.7398E-02,1.1154E-01,1.8495E-01,9.9631E+00,1.0000E-02,6.4744E-02,0.0000E+00,4.0000E+00,6.5982E-02,0.0000E+00,0.0000E+00,0.0000E+00
111,5.3300E+02,7.0800E+02,-6.6110E+00,-1.4807E+01,1.3595E+01,-1.7518E+00,6.7398E-02,1.0756E-01,1.6944E-01,9.2510E+00,1.0059E-02,6.4109E-02,0.0000E+00,4.0000E+00,6.6369E-02,0.0000E+00,0.0000E+00,0.0000E+00
112,5.3300E+02,7.0800E+02,-5.9767E+00,-1.3434E+01,1.3595E+01,-1.7518E+00,6.7398E-02,9.4241E-02,1.5148E-01,8.4256E+00,1.0326E-02,6.4820E-02,0.0000E+00,4.0000E+00,6.8130E-02,0.0000E+00,0.0000E+00,0.0000E+00
113,5.3300E+02,7.0800E+02,-5.4242E+00,-1.2097E+01,1.3595E+01,-1.7518E+00,6.7398E-02,9.2208E-02,1.3722E-01,7.5595E+00,1.0118E-02,5.9791E-02,0.0000E+00,4.0000E+00,6.6756E-02,0.0000E+00,0.0000E+00,0.0000E+00
114,5.3300E+02,7.0800E+02,-4.8445E+00,-1.0723E+01,1.3595E+01,-1.7518E+00,6.7398E-02,8.0471E-02,1.2518E-01,6.7933E+00,9.9061E-03,6.0360E-02,0.0000E+00,4.0000E+00,6.5360E-02,0.0000E+00,0.0000E+00,0.0000E+00
115,5.3300E+02,7.0800E+02,-4.2235E+00,-9.3494E+00,1.3595E+01,-1.7518E+00,6.7398E-02,7.1138E-02,1.0952E-01,5.9189E+00,9.8467E-03,5.6539E-02,0.0000E+00,4.0000E+00,6.4968E-02,0.0000E+00,0.0000E+00,0.0000E+00
116,5.3300E+02,7.0800E+02,-3.6928E+00,-8.1437E+00,1.3595E+01,-1.7518E+00,6.7398E-02,6.0132E-02,9.7994E-02,5.2156E+00,1.0287E-02,6.0180E-02,0.0000E+00,4.0000E+00,6.7877E-02,0.0000E+00,0.0000E+00,0.0000E+00
117,5.3300E+02,7.0800E+02,-3.0718E+00,-6.7739E+00,1.3595E+01,-1.7518E+00,6.7398E-02,5.2475E-02,7.7176E-02,4.3106E+00,9.7766E-03,5.8163E-02,0.0000E+00,4.0000E+00,6.4506E-02,0.0000E+00,0.0000E+00,0.0000E+00
118,5.3300E+02,7.0800E+02,-2.5955E+00,-5.6788E+00,1.3595E+01,-1.7518E+00,6.7398E-02,4.7658E-02,6.2342E-02,3.5982E+00,1.0185E-02,5.3016E-02,0.0000E+00,4.0000E+00,6.7204E-02,0.0000E+00,0.0000E+00,0.0000E+00
119,5.3300E+02,7.0800E+02,-2.0309E+00,-4.4339E+00,1.3595E+01,-1.7518E+00,6.7398E-02,3.6785E-02,5.0936E-02,2.8277E+00,1.0520E-02,5.4687E-02,0.0000E+00,4.0000E+00,6.9414E-02,0.0000E+00,0.0000E+00,0.0000E+00
120,5.3300E+02,7.0800E+02,-1.5458E+00,-3.1246E+00,1.3595E+01,-1.7518E+00,6.7398E-02,3.6095E-02,3.8694E-02,2.0347E+00,9.7488E-03,4.8133E-02,0.0000E+00,4.0000E+00,6.4322E-02,0.0000E+00,0.0000E+00,0.0000E+00
121,5.3300E+02,7.0800E+02,-1.0996E+00,-1.9278E+00,1.3595E+01,-1.7518E+00,6.7398E-02,3.6775E-02,2.5536E-02,1.2831E+00,1.0613E-02,5.2283E-02,0.0000E+00,4.0000E+00,7.0023E-02,0.0000E+00,0.0000E+00,0.0000E+00
122,5.3300E+02,7.0800E+02,-5.3319E-01,-7.6967E-01,1.3595E+01,-1.7518E+00,6.7398E-02,2.5957E-02,1.1913E-02,5.0015E-01,1.0457E-02,4.5050E-02,0.0000E+00,4.0000E+00,6.8992E-02,0.0000E+00,0.0000E+00,0.0000E+00
123,5.3300E+02,7.0800E+02,-2.1073E-01,-1.3571E-01,1.3595E+01,-1.7518E+00,6.7398E-02,1.2277E-02,7.1591E-03,1.6869E-01,1.0253E-02,4.8396E-02,0.0000E+00,4.0000E+00,6.7651E-02,0.0000E+00,0.0000E+00,0.0000E+00
124,5.3300E+02,7.0800E+02,-2.1531E-01,-1.6772E-01,1.3595E+01,-1.7518E+00,6.7398E-02,1.2860E-02,5.4523E-03,1.6753E-01,1.0161E-02,5.2242E-02,0.0000E+00,4.0000E+00,6.7040E-02,0.0000E+00,0.0000E+00,0.0000E+00
125,5.3300E+02,7.0800E+02,-2.1222E-01,-1.3832E-01,1.3595E+01,-1.7518E+00,6.7398E-02,1.2899E-02,6.1587E-03,1.6188E-01,1.0481E-02,5.0831E-02,0.0000E+00,4.0000E+00,6.9155E-02,0.0000E+00,0.0000E+00,0.0000E+00
126,5.3300E+02,7.0800E+02,-2.0520E-01,-1.2490E-01,1.3595E+01,-1.7518E+00,6.7398E-02,1.3023E-02,5.7703E-03,1.4816E-01,9.9701E-03,4.9633E-02,0.0000E+00,4.0000E+00,6.5782E-02,0.0000E+00,0.0000E+00,0.0000E+00
127,5.3300E+02,7.0800E+02,-2.1130E-01,-1.4507E-01,1.3595E+01,-1.7518E+00,6.7398E-02,1.3454E-02,5.4084E-03,1.5177E-01,9.8740E-03,4.9552E-02,0.0000E+00,4.0000E+00,6.5148E-02,0.0000E+00,0.0000E+00,0.0000E+00
128,5.3300E+02,7.0800E+02,-2.0980E-01,-1.5273E-01,1.3595E+01,-1.7518E+00,6.7398E-02,1.3048E-02,5.4248E-03,1.5534E-01,1.0409E-02,5.2815E-02,0.0000E+00,4.0000E+00,6.8675E-02,0.0000E+00,0.0000E+00,0.0000E+00
129,5.3300E+02,7.0800E+02,-2.0252E-01,-1.7142E-01,1.3595E+01,-1.7518E+00,6.7398E-02,1.2627E-02,3.1028E-03,1.4974E-01,9.9687E-03,4.9405E-02,0.0000E+00,4.0000E+00,6.5773E-02,0.0000E+00,0.0000E+00,0.0000E+00
130,5.3300E+02,7.0800E+02,-9.7252E-03,-3.7299E-01,1.3595E+01,-1.7518E+00,6.7398E-02,-8.1326E-03,-5.7432E-03,1.3865E-01,9.9119E-03,4.9573E-02,0.0000E+00,4.0000E+00,6.5398E-02,0.0000E+00,0.0000E+00,0.0000E+00
131,5.3300E+02,7.0800E+02,1.4510E-02,-3.6489E-01,1.3595E+01,-1.7518E+00,6.7398E-02,-1.0037E-02,-6.3725E-03,1.2671E-01,1.0394E-02,4.9296E-02,0.0000E+00,4.0000E+00,6.8581E-02,0.0000E+00,0.0000E+00,0.0000E+00
132,5.3300E+02,7.0800E+02,2.5115E-02,-3.9051E-01,1.3595E+01,-1.7518E+00,6.7398E-02,-1.1198E-02,-7.1551E-03,1.2625E-01,1.0247E-02,4.8815E-02,0.0000E+00,4.0000E+00,6.7608E-02,0.0000E+00,0.0000E+00,0.0000E+00
133,5.3300E+02,7.0800E+02,2.4250E-03,-4.1292E-01,1.3595E+01,-1.7518E+00,6.7398E-02,-9.7491E-03,-6.8463E-03,1.4245E-01,9.7117E-03,4.6954E-02,0.0000E+00,4.0000E+00,6.4077E-02,0.0000E+00,0.0000E+00,0.0000E+00
134,5.3300E+02,7.0800E+02,2.1318E-02,-3.9723E-01,1.3595E+01,-1.7518E+00,6.7398E-02,-1.1447E-02,-7.7102E-03,1.3676E-01,9.8560E-03,4.7457E-02,0.0000E+00,4.0000E+00,6.5030E-02,0.0000E+00,0.0000E+00,0.0000E+00
135,5.3300E+02,7.0800E+02,1.2694E-02,-4.4167E-01,1.3595E+01,-1.7518E+00,6.7398E-02,-1.1700E-02,-9.2898E-03,1.5534E-01,1.0029E-02,4.9922E-02,0.0000E+00,4.0000E+00,6.6174E-02,0.0000E+00,0.0000E+00,0.0000E+00
136,5.3300E+02,7.0800E+02,3.7743E-02,-3.9537E-01,1.3595E+01,-1.7518E+00,6.7398E-02,-1.3201E-02,-7.8182E-03,1.3570E-01,1.0264E-02,4.9962E-02,0.0000E+00,4.0000E+00,6.7719E-02,0.0000E+00,0.0000E+00,0.0000E+00
137,5.3300E+02,7.0800E+02,2.4554E-02,-4.3992E-01,1.3595E+01,-1.7518E+00,6.7398E-02,-1.1997E-02,-8.7289E-03,1.3928E-01,9.7915E-03,4.5748E-02,0.0000E+00,4.0000E+00,6.4604E-02,0.0000E+00,0.0000E+00,0.0000E+00
138,5.3300E+02,7.0800E+02,2.3112E-02,-4.2909E-01,1.3595E+01,-1.7518E+00,6.7398E-02,-1.2213E-02,-8.5873E-03,1.4529E-01,1.0298E-02,4.5426E-02,0.0000E+00,4.0000E+00,6.7947E-02,0.0000E+00,0.0000E+00,0.0000E+00
139,5.3300E+02,7.0800E+02,1.9345E-02,-4.5632E-01,1.3595E+01,-1.7518E+00,6.7398E-02,-1.1869E-02,-9.1948E-03,1.4616E-01,1.0074E-02,4.7142E-02,0.0000E+00,4.0000E+00,6.6468E-02,0.0000E+00,0.0000E+00,0.0000E+00
140,5.3300E+02,7.0800E+02,4.7950E-02,-4.0021E-01,1.3595E+01,-1.7518E+00,6.7398E-02,-1.4414E-02,-9.0733E-03,1.3727E-01,1.0107E-02,4.9008E-02,0.0000E+00,4.0000E+00,6.6685E-02,0.0000E+00,0.0000E+00,0.0000E+00
141,5.3300E+02,7.0800E+02,5.1877E-02,-4.3258E-01,1.3595E+01,-1.7518E+00,6.7398E-02,-1.5259E-02,-9.1623E-03,1.4308E-01,1.0340E-02,4.5989E-02,0.0000E+00,4.0000E+00,6.8221E-02,0.0000E+00,0.0000E+00,0.0000E+00
142,5.3300E+02,7.0800E+02,-9.3748E-02,-2.6168E-01,1.3595E+01,-1.7518E+00,6.7398E-02,9.9710E-04,-1.4096E-03,1.4247E-01,1.0360E-02,4.7702E-02,0.0000E+00,4.0000E+00,6.8358E-02,0.0000E+00,0.0000E+00,0.0000E+00
143,5.3300E+02,7.0800E+02,-9.3415E-02,-2.6398E-01,1.3595E+01,-1.7518E+00,6.7398E-02,5.3435E-04,-2.1397E-03,1.4930E-01,1.0038E-02,5.0472E-02,0.0000E+00,4.0000E+00,6.6227E-02,0.0000E+00,0.0000E+00,0.0000E+00
144,5.3300E+02,7.0800E+02,-9.2352E-02,-2.8508E-01,1.3595E+01,-1.7518E+00,6.7398E-02,1.4150E-04,-2.7672E-03,1.5341E-01,1.0301E-02,4.9628E-02,0.0000E+00,4.0000E+00,6.7966E-02,0.0000E+00,0.0000E+00,0.0000E+00
145,5.3300E+02,7.0800E+02,-9.8903E-02,-2.9388E-01,1.3595E+01,-1.7518E+00,6.7398E-02,8.5822E-04,-4.0201E-03,1.5384E-01,1.0190E-02,5.0052E-02,0.0000E+00,4.0000E+00,6.7236E-02,0.0000E+00,0.0000E+00,0.0000E+00
146,5.3300E+02,7.0800E+02,-9.8836E-02,-2.9006E-01,1.3595E+01,-1.7518E+00,6.7398E-02,6.8242E-04,-2.7402E-03,1.5610E-01,1.0128E-02,5.1583E-02,0.0000E+00,4.0000E+00,6.6826E-02,0.0000E+00,0.0000E+00,0.0000E+00
