FRAME,COORDINATE_X,COORDINATE_Y,DISPLACEMENT_X,DISPLACEMENT_Y,MODEL_COORDINATES_X,MODEL_COORDINATES_Y,MODEL_COORDINATES_Z,MODEL_DISPLACEMENT_X,MODEL_DISPLACEMENT_Y,MODEL_DISPLACEMENT_Z,SIGMA,GAMMA,BETA,STATUS_FLAG,UNCERTAINTY,VSG_STRAIN_XX,VSG_STRAIN_YY,VSG_STRAIN_XY
0,4.7300E+02,6.4800E+02,-9.3691E-03,-2.3857E-02,2.0295E+01,-5.1793E+00,-1.8931E-02,-1.1488E-04,5.1939E-04,1.4595E-02,1.0491E-02,4.9689E-02,0.0000E+00,4.0000E+00,6.5938E-02,0.0000E+00,0.0000E+00,0.0000E+00
1,4.7300E+02,6.4800E+02,-5.4657E-02,-4.4937E-02,2.0295E+01,-5.1793E+00,-1.8931E-02,5.2310E-03,-1.0791E-03,1.1040E-02,1.0549E-02,4.8519E-02,0.0000E+00,4.0000E+00,6.6300E-02,0.0000E+00,0.0000E+00,0.0000E+00
2,4.7300E+02,6.4800E+02,-5.4644E-02,-7.3210E-02,2.0295E+01,-5.1793E+00,-1.8931E-02,5.5701E-03,-1.6797E-03,6.3386E-03,1.0310E-02,4.6865E-02,0.0000E+00,4.0000E+00,6.4798E-02,0.0000E+00,0.0000E+00,0.0000E+00
3,4.7300E+02,6.4800E+02,-5.4594E-02,-9.2634E-02,2.0295E+01,-5.1793E+00,-1.8931E-02,5.3110E-03,-1.1958E-03,9.1768E-03,1.0449E-02,4.7975E-02,0.0000E+00,4.0000E+00,6.5672E-02,0.0000E+00,0.0000E+00,0.0000E+00
4,4.7300E+02,6.4800E+02,-4.8350E-02,-8.9160E-02,2.0295E+01,-5.1793E+00,-1.8931E-02,5.3877E-03,-2.6128E-03,-4.0610E-04,1.0857E-02,4.4689E-02,0.0000E+00,4.0000E+00,6.8233E-02,0.0000E+00,0.0000E+00,0.0000E+00
5,4.7300E+02,6.4800E+02,-5.5011E-02,-1.0852E-01,2.0295E+01,-5.1793E+00,-1.8931E-02,5.2241E-03,-2.1480E-03,1.0968E-02,1.0274E-02,4.6410E-02,0.0000E+00,4.0000E+00,6.4573E-02,0.0000E+00,0.0000E+00,0.0000E+00
6,4.7300E+02,6.4800E+02,-6.2131E-02,-9.2304E-02,2.0295E+01,-5.1793E+00,-1.8931E-02,6.0354E-03,-1.9466E-03,1.0957E-02,1.1084E-02,4.5157E-02,0.0000E+00,4.0000E+00,6.9666E-02,0.0000E+00,0.0000E+00,0.0000E+00
7,4.7300E+02,6.4800E+02,-4.5995E-02,-5.3163E-02,2.0295E+01,-5.1793E+00,-1.8931E-02,4.9496E-03,-1.6277E-03,2.1355E-03,1.0588E-02,4.7418E-02,0.0000E+00,4.0000E+00,6.6548E-02,0.0000E+00,0.0000E+00,0.0000E+00
8,4.7300E+02,6.4800E+02,-5.5575E-02,-3.3231E-02,2.0295E+01,-5.1793E+00,-1.8931E-02,6.1688E-03,-1.2556E-03,3.9663E-04,1.0365E-02,4.8651E-02,0.0000E+00,4.0000E+00,6.5144E-02,0.0000E+00,0.0000E+00,0.0000E+00
9,4.7300E+02,6.4800E+02,-4.3876E-02,-2.7420E-03,2.0295E+01,-5.1793E+00,-1.8931E-02,4.5431E-03,7.7659E-04,4.3864E-03,1.0586E-02,4.7975E-02,0.0000E+00,4.0000E+00,6.6532E-02,0.0000E+00,0.0000E+00,0.0000E+00
10,4.7300E+02,6.4800E+02,-6.0942E-02,-1.2270E-02,2.0295E+01,-5.1793E+00,-1.8931E-02,6.5213E-03,-8.1165E-04,3.8141E-03,1.0318E-02,4.7060E-02,0.0000E+00,4.0000E+00,6.4847E-02,0.0000E+00,0.0000E+00,0.0000E+00
11,4.7300E+02,6.4800E+02,-4.7213E-02,4.1566E-02,2.0295E+01,-5.1793E+00,-1.8931E-02,4.4772E-03,1.3396E-03,1.0648E-02,1.0788E-02,4.4917E-02,0.0000E+00,4.0000E+00,6.7803E-02,0.0000E+00,0.0000E+00,0.0000E+00
12,4.7300E+02,6.4800E+02,-5.8838E-02,5.5410E-02,2.0295E+01,-5.1793E+00,-1.8931E-02,5.8807E-03,1.2633E-03,9.5344E-03,1.0249E-02,4.9120E-02,0.0000E+00,4.0000E+00,6.4412E-02,0.0000E+00,0.0000E+00,0.0000E+00
13,4.7300E+02,6.4800E+02,-5.1861E-02,3.3984E-02,2.0295E+01,-5.1793E+00,-1.8931E-02,4.8748E-03,1.0618E-03,1.2200E-02,1.0215E-02,4.7826E-02,0.0000E+00,4.0000E+00,6.4202E-02,0.0000E+00,0.0000E+00,0.0000E+00
14,4.7300E+02,6.4800E+02,-5.7277E-02,1.7737E-02,2.0295E+01,-5.1793E+00,-1.8931E-02,5.4397E-03,3.9988E-04,1.2676E-02,1.0419E-02,4.8173E-02,0.0000E+00,4.0000E+00,6.5484E-02,0.0000E+00,0.0000E+00,0.0000E+00
15,4.7300E+02,6.4800E+02,-5.9167E-02,4.2394E-02,2.0295E+01,-5.1793E+00,-1.8931E-02,5.0907E-03,2.2135E-03,1.9793E-02,1.0300E-02,4.5528E-02,0.0000E+00,4.0000E+00,6.4736E-02,0.0000E+00,0.0000E+00,0.0000E+00
16,4.7300E+02,6.4800E+02,-7.7727E-02,4.6704E-02,2.0295E+01,-5.1793E+00,-1.8931E-02,6.5721E-03,2.6275E-03,2.7454E-02,1.0734E-02,4.7331E-02,0.0000E+00,4.0000E+00,6.7466E-02,0.0000E+00,0.0000E+00,0.0000E+00
17,4.7300E+02,6.4800E+02,-7.3191E-02,6.8565E-02,2.0295E+01,-5.1793E+00,-1.8931E-02,6.1974E-03,3.1625E-03,2.5916E-02,1.1095E-02,4.9794E-02,0.0000E+00,4.0000E+00,6.9733E-02,0.0000E+00,0.0000E+00,0.0000E+00
18,4.7300E+02,6.4800E+02,-7.4941E-02,4.9883E-02,2.0295E+01,-5.1793E+00,-1.8931E-02,6.8765E-03,2.3803E-03,1.9555E-02,1.0939E-02,4.7932E-02,0.0000E+00,4.0000E+00,6.8750E-02,0.0000E+00,0.0000E+00,0.0000E+00
19,4.7300E+02,6.4800E+02,-6.2836E-02,2.4078E-02,2.0295E+01,-5.1793E+00,-1.8931E-02,5.4165E-03,1.7395E-03,2.0745E-02,1.1239E-02,4.9313E-02,0.0000E+00,4.0000E+00,7.0637E-02,0.0000E+00,0.0000E+00,0.0000E+00
20,4.7300E+02,6.4800E+02,-8.1318E-02,3.6625E-02,2.0295E+01,-5.1793E+00,-1.8931E-02,6.5480E-03,2.9170E-03,3.2740E-02,1.0797E-02,4.4889E-02,0.0000E+00,4.0000E+00,6.7859E-02,0.0000E+00,0.0000E+00,0.0000E+00
21,4.7300E+02,6.4800E+02,-6.9679E-02,2.9080E-02,2.0295E+01,-5.1793E+00,-1.8931E-02,6.2887E-03,1.9621E-03,1.9350E-02,1.1257E-02,4.8818E-02,0.0000E+00,4.0000E+00,7.0750E-02,0.0000E+00,0.0000E+00,0.0000E+00
22,4.7300E+02,6.4800E+02,-7.3447E-02,5.2079E-02,2.0295E+01,-5.1793E+00,-1.8931E-02,6.2292E-03,3.3543E-03,2.5537E-02,1.0635E-02,4.7027E-02,0.0000E+00,4.0000E+00,6.6839E-02,0.0000E+00,0.0000E+00,0.0000E+00
23,4.7300E+02,6.4800E+02,-8.2885E-02,7.1042E-02,2.0295E+01,-5.1793E+00,-1.8931E-02,6.6336E-03,5.3717E-03,3.3666E-02,1.0181E-02,4.5254E-02,0.0000E+00,4.0000E+00,6.3986E-02,0.0000E+00,0.0000E+00,0.0000E+00
24,4.7300E+02,6.4800E+02,-6.5746E-02,5.1261E-02,2.0295E+01,-5.1793E+00,-1.8931E-02,5.5175E-03,2.9397E-03,2.3720E-02,1.0986E-02,4.5456E-02,0.0000E+00,4.0000E+00,6.9045E-02,0.0000E+00,0.0000E+00,0.0000E+00
25,4.7300E+02,6.4800E+02,-7.6825E-02,5.0950E-02,2.0295E+01,-5.1793E+00,-1.8931E-02,7.0734E-03,2.6924E-03,1.9647E-02,9.8528E-03,4.8691E-02,0.0000E+00,4.0000E+00,6.1925E-02,0.0000E+00,0.0000E+00,0.0000E+00
26,4.7300E+02,6.4800E+02,-6.6844E-02,4.5653E-02,2.0295E+01,-5.1793E+00,-1.8931E-02,5.9761E-03,2.0993E-03,1.9523E-02,1.0530E-02,4.7881E-02,0.0000E+00,4.0000E+00,6.6180E-02,0.0000E+00,0.0000E+00,0.0000E+00
27,4.7300E+02,6.4800E+02,-8.3830E-02,3.3150E-02,2.0295E+01,-5.1793E+00,-1.8931E-02,6.7695E-03,3.9726E-03,3.3108E-02,1.0870E-02,4.9630E-02,0.0000E+00,4.0000E+00,6.8318E-02,0.0000E+00,0.0000E+00,0.0000E+00
28,4.7300E+02,6.4800E+02,-6.3327E-02,5.9082E-02,2.0295E+01,-5.1793E+00,-1.8931E-02,5.6062E-03,2.2815E-03,1.9384E-02,1.0361E-02,4.5747E-02,0.0000E+00,4.0000E+00,6.5117E-02,0.0000E+00,0.0000E+00,0.0000E+00
29,4.7300E+02,6.4800E+02,-8.0134E-02,8.6414E-02,2.0295E+01,-5.1793E+00,-1.8931E-02,6.3884E-03,5.1905E-03,3.3169E-02,1.0641E-02,4.7221E-02,0.0000E+00,4.0000E+00,6.6879E-02,0.0000E+00,0.0000E+00,0.0000E+00
30,4.7300E+02,6.4800E+02,-7.8362E-02,7.5945E-02,2.0295E+01,-5.1793E+00,-1.8931E-02,5.8371E-03,5.1236E-03,3.7627E-02,1.0775E-02,4.8528E-02,0.0000E+00,4.0000E+00,6.7720E-02,0.0000E+00,0.0000E+00,0.0000E+00
31,4.7300E+02,6.4800E+02,-8.7002E-02,7.7438E-02,2.0295E+01,-5.1793E+00,-1.8931E-02,7.0657E-03,5.7619E-03,3.4005E-02,1.0385E-02,4.7412E-02,0.0000E+00,4.0000E+00,6.5267E-02,0.0000E+00,0.0000E+00,0.0000E+00
32,4.7300E+02,6.4800E+02,-7.5002E-02,5.2283E-02,2.0295E+01,-5.1793E+00,-1.8931E-02,5.9975E-03,3.6956E-03,3.0719E-02,1.0147E-02,4.6615E-02,0.0000E+00,4.0000E+00,6.3775E-02,0.0000E+00,0.0000E+00,0.0000E+00
33,4.7300E+02,6.4800E+02,-7.2900E-02,7.0075E-02,2.0295E+01,-5.1793E+00,-1.8931E-02,5.4028E-03,4.7643E-03,3.5354E-02,9.6988E-03,4.8583E-02,0.0000E+00,4.0000E+00,6.0957E-02,0.0000E+00,0.0000E+00,0.0000E+00
34,4.7300E+02,6.4800E+02,-8.1108E-02,4.8703E-02,2.0295E+01,-5.1793E+00,-1.8931E-02,6.0482E-03,5.3709E-03,3.8344E-02,1.0658E-02,4.8564E-02,0.0000E+00,4.0000E+00,6.6985E-02,0.0000E+00,0.0000E+00,0.0000E+00
35,4.7300E+02,6.4800E+02,-8.8479E-02,5.5243E-02,2.0295E+01,-5.1793E+00,-1.8931E-02,6.4072E-03,6.6380E-03,4.4096E-02,1.0646E-02,4.9051E-02,0.0000E+00,4.0000E+00,6.6913E-02,0.0000E+00,0.0000E+00,0.0000E+00
36,4.7300E+02,6.4800E+02,-8.7710E-02,2.0181E-02,2.0295E+01,-5.1793E+00,-1.8931E-02,6.2469E-03,4.3405E-03,4.5243E-02,1.0767E-02,4.7717E-02,0.0000E+00,4.0000E+00,6.7667E-02,0.0000E+00,0.0000E+00,0.0000E+00
37,4.7300E+02,6.4800E+02,-1.0148E-01,5.7180E-02,2.0295E+01,-5.1793E+00,-1.8931E-02,7.4772E-03,6.4406E-03,4.9180E-02,1.0613E-02,4.5791E-02,0.0000E+00,4.0000E+00,6.6704E-02,0.0000E+00,0.0000E+00,0.0000E+00
38,4.7300E+02,6.4800E+02,-8.1534E-02,5.5653E-02,2.0295E+01,-5.1793E+00,-1.8931E-02,5.9267E-03,5.1739E-03,4.0731E-02,1.0604E-02,4.6515E-02,0.0000E+00,4.0000E+00,6.6647E-02,0.0000E+00,0.0000E+00,0.0000E+00
39,4.7300E+02,6.4800E+02,-9.2109E-02,6.5597E-02,2.0295E+01,-5.1793E+00,-1.8931E-02,5.9058E-03,6.6374E-03,5.6097E-02,1.0673E-02,4.6061E-02,0.0000E+00,4.0000E+00,6.7082E-02,0.0000E+00,0.0000E+00,0.0000E+00
40,4.7300E+02,6.4800E+02,-1.0253E-01,8.5600E-02,2.0295E+01,-5.1793E+00,-1.8931E-02,7.1881E-03,8.8709E-03,5.4150E-02,1.0430E-02,4.7370E-02,0.0000E+00,4.0000E+00,6.5552E-02,0.0000E+00,0.0000E+00,0.0000E+00
41,4.7300E+02,6.4800E+02,-8.8400E-02,3.9148E-02,2.0295E+01,-5.1793E+00,-1.8931E-02,5.8915E-03,6.0497E-03,5.0636E-02,1.1041E-02,4.7026E-02,0.0000E+00,4.0000E+00,6.9395E-02,0.0000E+00,0.0000E+00,0.0000E+00
42,4.7300E+02,6.4800E+02,-9.4135E-02,2.4238E-02,2.0295E+01,-5.1793E+00,-1.8931E-02,6.0195E-03,4.5923E-03,5.7558E-02,1.0907E-02,4.7647E-02,0.0000E+00,4.0000E+00,6.8553E-02,0.0000E+00,0.0000E+00,0.0000E+00
43,4.7300E+02,6.4800E+02,-9.4011E-02,6.6774E-02,2.0295E+01,-5.1793E+00,-1.8931E-02,6.0411E-03,6.3139E-03,5.7231E-02,1.0729E-02,4.8789E-02,0.0000E+00,4.0000E+00,6.7434E-02,0.0000E+00,0.0000E+00,0.0000E+00
44,4.7300E+02,6.4800E+02,-9.2658E-02,1.7376E-02,2.0295E+01,-5.1793E+00,-1.8931E-02,5.5628E-03,5.9375E-03,6.0808E-02,1.0100E-02,4.7197E-02,0.0000E+00,4.0000E+00,6.3477E-02,0.0000E+00,0.0000E+00,0.0000E+00
45,4.7300E+02,6.4800E+02,-8.5512E-02,1.6445E-02,2.0295E+01,-5.1793E+00,-1.8931E-02,5.8368E-03,4.5470E-03,4.7261E-02,1.0629E-02,4.7447E-02,0.0000E+00,4.0000E+00,6.6803E-02,0.0000E+00,0.0000E+00,0.0000E+00
46,4.7300E+02,6.4800E+02,-9.6582E-02,5.3162E-02,2.0295E+01,-5.1793E+00,-1.8931E-02,6.7399E-03,6.4611E-03,5.1588E-02,1.0371E-02,4.4703E-02,0.0000E+00,4.0000E+00,6.5179E-02,0.0000E+00,0.0000E+00,0.0000E+00
47,4.7300E+02,6.4800E+02,-1.1060E-01,4.5695E-02,2.0295E+01,-5.1793E+00,-1.8931E-02,7.5953E-03,7.8930E-03,6.0268E-02,1.0235E-02,4.9214E-02,0.0000E+00,4.0000E+00,6.4327E-02,0.0000E+00,0.0000E+00,0.0000E+00
48,4.7300E+02,6.4800E+02,-9.5642E-02,7.2425E-02,2.0295E+01,-5.1793E+00,-1.8931E-02,6.9266E-03,6.8826E-03,4.7961E-02,1.0342E-02,4.5813E-02,0.0000E+00,4.0000E+00,6.5001E-02,0.0000E+00,0.0000E+00,0.0000E+00
49,4.7300E+02,6.4800E+02,-1.0856E-01,5.3281E-02,2.0295E+01,-5.1793E+00,-1.8931E-02,7.5075E-03,7.0538E-03,5.8835E-02,1.0833E-02,4.7960E-02,0.0000E+00,4.0000E+00,6.8088E-02,0.0000E+00,0.0000E+00,0.0000E+00
50,4.7300E+02,6.4800E+02,-1.1356E-01,4.7609E-02,2.0295E+01,-5.1793E+00,-1.8931E-02,8.2823E-03,7.2513E-03,5.5852E-02,1.0325E-02,4.8569E-02,0.0000E+00,4.0000E+00,6.4892E-02,0.0000E+00,0.0000E+00,0.0000E+00
51,4.7300E+02,6.4800E+02,-1.0282E-01,3.1565E-02,2.0295E+01,-5.1793E+00,-1.8931E-02,6.6713E-03,6.4186E-03,6.1229E-02,1.0537E-02,4.4771E-02,0.0000E+00,4.0000E+00,6.6222E-02,0.0000E+00,0.0000E+00,0.0000E+00
52,4.7300E+02,6.4800E+02,-1.1115E-01,5.2585E-02,2.0295E+01,-5.1793E+00,-1.8931E-02,7.8779E-03,6.5744E-03,5.7930E-02,1.0132E-02,4.6459E-02,0.0000E+00,4.0000E+00,6.3680E-02,0.0000E+00,0.0000E+00,0.0000E+00
53,4.7300E+02,6.4800E+02,-1.1434E-01,6.1741E-02,2.0295E+01,-5.1793E+00,-1.8931E-02,8.1167E-03,7.0518E-03,5.9451E-02,1.0314E-02,4.9409E-02,0.0000E+00,4.0000E+00,6.4821E-02,0.0000E+00,0.0000E+00,0.0000E+00
54,4.7300E+02,6.4800E+02,-1.1016E-01,5.9684E-02,2.0295E+01,-5.1793E+00,-1.8931E-02,6.9227E-03,8.8245E-03,6.8318E-02,1.0800E-02,4.8989E-02,0.0000E+00,4.0000E+00,6.7877E-02,0.0000E+00,0.0000E+00,0.0000E+00
55,4.7300E+02,6.4800E+02,-1.2195E-01,7.6200E-02,2.0295E+01,-5.1793E+00,-1.8931E-02,8.1420E-03,9.2938E-03,6.9711E-02,1.1033E-02,4.6255E-02,0.0000E+00,4.0000E+00,6.9344E-02,0.0000E+00,0.0000E+00,0.0000E+00
56,4.7300E+02,6.4800E+02,-1.2462E-01,7.0489E-02,2.0295E+01,-5.1793E+00,-1.8931E-02,8.2365E-03,9.6610E-03,7.2157E-02,1.1000E-02,4.7575E-02,0.0000E+00,4.0000E+00,6.9137E-02,0.0000E+00,0.0000E+00,0.0000E+00
57,4.7300E+02,6.4800E+02,-1.1684E-01,9.0878E-02,2.0295E+01,-5.1793E+00,-1.8931E-02,7.5676E-03,1.0283E-02,6.9675E-02,1.0015E-02,4.7109E-02,0.0000E+00,4.0000E+00,6.2942E-02,0.0000E+00,0.0000E+00,0.0000E+00
58,4.7300E+02,6.4800E+02,-1.2529E-01,1.0585E-01,2.0295E+01,-5.1793E+00,-1.8931E-02,8.1990E-03,1.1069E-02,7.3743E-02,1.0172E-02,4.6828E-02,0.0000E+00,4.0000E+00,6.3930E-02,0.0000E+00,0.0000E+00,0.0000E+00
59,4.7300E+02,6.4800E+02,-1.1765E-01,7.6539E-02,2.0295E+01,-5.1793E+00,-1.8931E-02,7.5740E-03,1.0083E-02,7.0597E-02,1.0178E-02,4.4655E-02,0.0000E+00,4.0000E+00,6.3967E-02,0.0000E+00,0.0000E+00,0.0000E+00
60,4.7300E+02,6.4800E+02,-1.3025E-01,1.2459E-01,2.0295E+01,-5.1793E+00,-1.8931E-02,8.9886E-03,1.0673E-02,7.1105E-02,1.0870E-02,4.9058E-02,0.0000E+00,4.0000E+00,6.8319E-02,0.0000E+00,0.0000E+00,0.0000E+00
61,4.7300E+02,6.4800E+02,-1.2246E-01,1.0405E-01,2.0295E+01,-5.1793E+00,-1.8931E-02,8.1320E-03,1.0293E-02,7.0712E-02,1.0063E-02,4.5626E-02,0.0000E+00,4.0000E+00,6.3248E-02,0.0000E+00,0.0000E+00,0.0000E+00
62,4.7300E+02,6.4800E+02,-1.3044E-01,5.8463E-02,2.0295E+01,-5.1793E+00,-1.8931E-02,9.6315E-03,7.6540E-03,6.2898E-02,1.0585E-02,4.8632E-02,0.0000E+00,4.0000E+00,6.6524E-02,0.0000E+00,0.0000E+00,0.0000E+00
63,4.7300E+02,6.4800E+02,-1.2224E-01,1.1574E-01,2.0295E+01,-5.1793E+00,-1.8931E-02,9.0830E-03,9.8647E-03,5.8322E-02,1.0303E-02,4.6930E-02,0.0000E+00,4.0000E+00,6.4752E-02,0.0000E+00,0.0000E+00,0.0000E+00
64,4.7300E+02,6.4800E+02,-1.2190E-01,1.0288E-01,2.0295E+01,-5.1793E+00,-1.8931E-02,8.6253E-03,1.0006E-02,6.3537E-02,1.0159E-02,4.7811E-02,0.0000E+00,4.0000E+00,6.3850E-02,0.0000E+00,0.0000E+00,0.0000E+00
65,4.7300E+02,6.4800E+02,-1.1426E-01,1.1721E-01,2.0295E+01,-5.1793E+00,-1.8931E-02,8.6128E-03,9.0488E-03,5.3124E-02,1.0323E-02,4.8422E-02,0.0000E+00,4.0000E+00,6.4878E-02,0.0000E+00,0.0000E+00,0.0000E+00
66,4.7300E+02,6.4800E+02,-1.3218E-01,1.0842E-01,2.0295E+01,-5.1793E+00,-1.8931E-02,9.8410E-03,9.0020E-03,6.3087E-02,9.6522E-03,4.7628E-02,0.0000E+00,4.0000E+00,6.0664E-02,0.0000E+00,0.0000E+00,0.0000E+00
67,4.7300E+02,6.4800E+02,-1.2179E-01,9.8844E-02,2.0295E+01,-5.1793E+00,-1.8931E-02,8.9918E-03,8.0783E-03,5.9169E-02,1.0251E-02,4.4691E-02,0.0000E+00,4.0000E+00,6.4425E-02,0.0000E+00,0.0000E+00,0.0000E+00
68,4.7300E+02,6.4800E+02,-1.1506E-01,9.1276E-02,2.0295E+01,-5.1793E+00,-1.8931E-02,8.1999E-03,8.6038E-03,5.9393E-02,1.0532E-02,4.8937E-02,0.0000E+00,4.0000E+00,6.6196E-02,0.0000E+00,0.0000E+00,0.0000E+00
69,4.7300E+02,6.4800E+02,-1.2008E-01,8.4568E-02,2.0295E+01,-5.1793E+00,-1.8931E-02,8.4457E-03,8.7157E-03,6.3347E-02,9.6636E-03,4.5436E-02,0.0000E+00,4.0000E+00,6.0736E-02,0.0000E+00,0.0000E+00,0.0000E+00
70,4.7300E+02,6.4800E+02,-1.1376E-01,8.9740E-02,2.0295E+01,-5.1793E+00,-1.8931E-02,8.3142E-03,8.1890E-03,5.6114E-02,9.7694E-03,4.6286E-02,0.0000E+00,4.0000E+00,6.1401E-02,0.0000E+00,0.0000E+00,0.0000E+00
71,4.7300E+02,6.4800E+02,-1.2087E-01,9.7796E-02,2.0295E+01,-5.1793E+00,-1.8931E-02,8.9674E-03,6.9526E-03,5.8507E-02,1.0962E-02,4.5019E-02,0.0000E+00,4.0000E+00,6.8898E-02,0.0000E+00,0.0000E+00,0.0000E+00
72,4.7300E+02,6.4800E+02,-1.2490E-01,1.1635E-01,2.0295E+01,-5.1793E+00,-1.8931E-02,9.7483E-03,7.6492E-03,5.4263E-02,1.0621E-02,4.7053E-02,0.0000E+00,4.0000E+00,6.6751E-02,0.0000E+00,0.0000E+00,0.0000E+00
73,4.7300E+02,6.4800E+02,-1.0987E-01,1.0237E-01,2.0295E+01,-5.1793E+00,-1.8931E-02,8.4064E-03,7.2899E-03,4.9758E-02,1.0445E-02,4.5756E-02,0.0000E+00,4.0000E+00,6.5648E-02,0.0000E+00,0.0000E+00,0.0000E+00
74,4.7300E+02,6.4800E+02,-1.2736E-01,1.0125E-01,2.0295E+01,-5.1793E+00,-1.8931E-02,9.2767E-03,9.1744E-03,6.3248E-02,1.0123E-02,4.7864E-02,0.0000E+00,4.0000E+00,6.3620E-02,0.0000E+00,0.0000E+00,0.0000E+00
75,4.7300E+02,6.4800E+02,-1.3433E-01,9.7884E-02,2.0295E+01,-5.1793E+00,-1.8931E-02,1.0189E-02,8.1289E-03,6.1794E-02,1.0174E-02,4.5812E-02,0.0000E+00,4.0000E+00,6.3944E-02,0.0000E+00,0.0000E+00,0.0000E+00
76,4.7300E+02,6.4800E+02,-1.1103E-01,1.0086E-01,2.0295E+01,-5.1793E+00,-1.8931E-02,8.5132E-03,8.0687E-03,4.9763E-02,1.0088E-02,4.6747E-02,0.0000E+00,4.0000E+00,6.3402E-02,0.0000E+00,0.0000E+00,0.0000E+00
77,4.7300E+02,6.4800E+02,-1.1020E-01,6.0329E-02,2.0295E+01,-5.1793E+00,-1.8931E-02,8.6393E-03,6.0169E-03,4.6925E-02,1.0966E-02,4.6840E-02,0.0000E+00,4.0000E+00,6.8919E-02,0.0000E+00,0.0000E+00,0.0000E+00
78,4.7300E+02,6.4800E+02,-1.1285E-01,6.0575E-02,2.0295E+01,-5.1793E+00,-1.8931E-02,8.7570E-03,6.6643E-03,4.9032E-02,1.0808E-02,4.5788E-02,0.0000E+00,4.0000E+00,6.7926E-02,0.0000E+00,0.0000E+00,0.0000E+00
79,4.7300E+02,6.4800E+02,-1.1685E-01,6.2440E-02,2.0295E+01,-5.1793E+00,-1.8931E-02,8.6587E-03,8.3432E-03,5.5629E-02,1.0556E-02,4.3504E-02,0.0000E+00,4.0000E+00,6.6342E-02,0.0000E+00,0.0000E+00,0.0000E+00
80,4.7300E+02,6.4800E+02,-1.1821E-01,7.5881E-02,2.0295E+01,-5.1793E+00,-1.8931E-02,9.3724E-03,7.3903E-03,4.8835E-02,1.0269E-02,4.6918E-02,0.0000E+00,4.0000E+00,6.4542E-02,0.0000E+00,0.0000E+00,0.0000E+00
81,4.7300E+02,6.4800E+02,-1.3335E-01,1.1310E-01,2.0295E+01,-5.1793E+00,-1.8931E-02,1.0238E-02,9.1540E-03,5.9639E-02,9.8762E-03,4.6062E-02,0.0000E+00,4.0000E+00,6.2072E-02,0.0000E+00,0.0000E+00,0.0000E+00
82,4.7300E+02,6.4800E+02,-1.1774E-01,6.1677E-02,2.0295E+01,-5.1793E+00,-1.8931E-02,9.4583E-03,7.0474E-03,4.6905E-02,1.0253E-02,5.0920E-02,0.0000E+00,4.0000E+00,6.4437E-02,0.0000E+00,0.0000E+00,0.0000E+00
83,4.7300E+02,6.4800E+02,-1.1615E-01,5.9191E-02,2.0295E+01,-5.1793E+00,-1.8931E-02,8.6806E-03,7.9196E-03,5.4403E-02,1.0387E-02,4.5939E-02,0.0000E+00,4.0000E+00,6.5280E-02,0.0000E+00,0.0000E+00,0.0000E+00
84,4.7300E+02,6.4800E+02,-1.1494E-01,7.3130E-02,2.0295E+01,-5.1793E+00,-1.8931E-02,8.9977E-03,7.1079E-03,4.9006E-02,1.0928E-02,4.6888E-02,0.0000E+00,4.0000E+00,6.8683E-02,0.0000E+00,0.0000E+00,0.0000E+00
85,4.7300E+02,6.4800E+02,-1.1995E-01,1.0089E-01,2.0295E+01,-5.1793E+00,-1.8931E-02,9.1889E-03,8.6099E-03,5.3767E-02,1.0251E-02,4.7795E-02,0.0000E+00,4.0000E+00,6.4427E-02,0.0000E+00,0.0000E+00,0.0000E+00
86,4.7300E+02,6.4800E+02,-1.1575E-01,1.0323E-01,2.0295E+01,-5.1793E+00,-1.8931E-02,9.8104E-03,7.6914E-03,3.9889E-02,1.0597E-02,4.7841E-02,0.0000E+00,4.0000E+00,6.6604E-02,0.0000E+00,0.0000E+00,0.0000E+00
87,4.7300E+02,6.4800E+02,-1.1576E-01,5.8609E-02,2.0295E+01,-5.1793E+00,-1.8931E-02,8.7937E-03,8.1037E-03,5.2298E-02,1.0376E-02,4.8462E-02,0.0000E+00,4.0000E+00,6.5211E-02,0.0000E+00,0.0000E+00,0.0000E+00
88,4.7300E+02,6.4800E+02,-1.3273E-01,1.0562E-01,2.0295E+01,-5.1793E+00,-1.8931E-02,1.0334E-02,8.5656E-03,5.7543E-02,1.0646E-02,4.6323E-02,0.0000E+00,4.0000E+00,6.6911E-02,0.0000E+00,0.0000E+00,0.0000E+00
89,4.7300E+02,6.4800E+02,-1.1871E-01,8.3459E-02,2.0295E+01,-5.1793E+00,-1.8931E-02,9.2389E-03,7.7791E-03,5.1303E-02,1.0511E-02,4.5412E-02,0.0000E+00,4.0000E+00,6.6063E-02,0.0000E+00,0.0000E+00,0.0000E+00
90,4.7300E+02,6.4800E+02,-1.2185E-01,7.3144E-02,2.0295E+01,-5.1793E+00,-1.8931E-02,9.2078E-03,8.2800E-03,5.5944E-02,1.0410E-02,4.5929E-02,0.0000E+00,4.0000E+00,6.5426E-02,0.0000E+00,0.0000E+00,0.0000E+00
91,4.7300E+02,6.4800E+02,-1.2836E-01,8.0374E-02,2.0295E+01,-5.1793E+00,-1.8931E-02,9.8999E-03,8.0829E-03,5.6593E-02,1.0287E-02,4.6115E-02,0.0000E+00,4.0000E+00,6.4656E-02,0.0000E+00,0.0000E+00,0.0000E+00
92,4.7300E+02,6.4800E+02,-1.2356E-01,1.0274E-01,2.0295E+01,-5.1793E+00,-1.8931E-02,9.3798E-03,8.5326E-03,5.6595E-02,1.0887E-02,4.6411E-02,0.0000E+00,4.0000E+00,6.8423E-02,0.0000E+00,0.0000E+00,0.0000E+00
93,4.7300E+02,6.4800E+02,-1.1579E-01,1.0571E-01,2.0295E+01,-5.1793E+00,-1.8931E-02,9.5471E-03,8.7420E-03,4.3070E-02,1.0223E-02,4.2443E-02,0.0000E+00,4.0000E+00,6.4250E-02,0.0000E+00,0.0000E+00,0.0000E+00
94,4.7300E+02,6.4800E+02,-1.1523E-01,1.1412E-01,2.0295E+01,-5.1793E+00,-1.8931E-02,9.4088E-03,8.0320E-03,4.4432E-02,1.0485E-02,4.6896E-02,0.0000E+00,4.0000E+00,6.5897E-02,0.0000E+00,0.0000E+00,0.0000E+00
95,4.7300E+02,6.4800E+02,-1.1673E-01,1.2369E-01,2.0295E+01,-5.1793E+00,-1.8931E-02,9.9806E-03,7.7120E-03,3.9421E-02,1.0496E-02,4.3887E-02,0.0000E+00,4.0000E+00,6.5969E-02,0.0000E+00,0.0000E+00,0.0000E+00
96,4.7300E+02,6.4800E+02,-5.4828E-01,-6.4288E-01,2.0295E+01,-5.1793E+00,-1.8931E-02,1.6698E-02,2.2441E-02,5.6261E-01,1.0401E-02,3.7195E-02,0.0000E+00,4.0000E+00,6.5368E-02,0.0000E+00,0.0000E+00,0.0000E+00
97,4.7300E+02,6.4800E+02,-1.2891E+00,-2.2431E+00,2.0295E+01,-5.1793E+00,-1.8931E-02,2.6970E-02,3.6903E-02,1.4732E+00,1.0407E-02,4.6037E-02,0.0000E+00,4.0000E+00,6.5407E-02,0.0000E+00,0.0000E+00,0.0000E+00
98,4.7300E+02,6.4800E+02,-1.8515E+00,-3.4154E+00,2.0295E+01,-5.1793E+00,-1.8931E-02,3.4975E-02,4.8317E-02,2.1600E+00,1.0462E-02,4.6886E-02,0.0000E+00,4.0000E+00,6.5754E-02,0.0000E+00,0.0000E+00,0.0000E+00
99,4.7300E+02,6.4800E+02,-2.4691E+00,-4.7515E+00,2.0295E+01,-5.1793E+00,-1.8931E-02,4.0000E-02,5.9742E-02,2.9600E+00,1.0597E-02,4.7117E-02,0.0000E+00,4.0000E+00,6.6600E-02,0.0000E+00,0.0000E+00,0.0000E+00
100,4.7300E+02,6.4800E+02,-3.2224E+00,-6.1217E+00,2.0295E+01,-5.1793E+00,-1.8931E-02,6.1621E-02,7.5141E-02,3.7358E+00,1.0195E-02,5.5759E-02,0.0000E+00,4.0000E+00,6.4073E-02,0.0000E+00,0.0000E+00,0.0000E+00
101,4.7300E+02,6.4800E+02,-3.8269E+00,-7.4071E+00,2.0295E+01,-5.1793E+00,-1.8931E-02,6.8190E-02,8.9835E-02,4.4915E+00,1.0534E-02,5.5070E-02,0.0000E+00,4.0000E+00,6.6209E-02,0.0000E+00,0.0000E+00,0.0000E+00
102,4.7300E+02,6.4800E+02,-4.5129E+00,-8.6994E+00,2.0295E+01,-5.1793E+00,-1.8931E-02,8.0856E-02,1.0790E-01,5.2812E+00,1.0484E-02,5.5748E-02,0.0000E+00,4.0000E+00,6.5891E-02,0.0000E+00,0.0000E+00,0.0000E+00
103,4.7300E+02,6.4800E+02,-5.0705E+00,-1.0035E+01,2.0295E+01,-5.1793E+00,-1.8931E-02,8.2541E-02,1.1841E-01,6.0285E+00,1.0271E-02,5.8601E-02,0.0000E+00,4.0000E+00,6.4550E-02,0.0000E+00,0.0000E+00,0.0000E+00
104,4.7300E+02,6.4800E+02,-5.7108E+00,-1.1354E+01,2.0295E+01,-5.1793E+00,-1.8931E-02,9.4556E-02,1.2820E-01,6.7587E+00,1.0413E-02,5.6401E-02,0.0000E+00,4.0000E+00,6.5443E-02,0.0000E+00,0.0000E+00,0.0000E+00
105,4.7300E+02,6.4800E+02,-6.3079E+00,-1.2811E+01,2.0295E+01,-5.1793E+00,-1.8931E-02,9.2672E-02,1.4383E-01,7.5995E+00,1.0454E-02,5.6396E-02,0.0000E+00,4.0000E+00,6.5701E-02,0.0000E+00,0.0000E+00,0.0000E+00
106,4.7300E+02,6.4800E+02,-6.8682E+00,-1.4221E+01,2.0295E+01,-5.1793E+00,-1.8931E-02,9.2514E-02,1.5293E-01,8.3667E+00,1.0294E-02,5.7020E-02,0.0000E+00,4.0000E+00,6.4696E-02,0.0000E+00,0.0000E+00,0.0000E+00
107,4.7300E+02,6.4800E+02,-7.7569E+00,-1.5720E+01,2.0295E+01,-5.1793E+00,-1.8931E-02,1.1653E-01,1.7367E-01,9.2784E+00,1.0192E-02,5.9591E-02,0.0000E+00,4.0000E+00,6.4058E-02,0.0000E+00,0.0000E+00,0.0000E+00
108,4.7300E+02,6.4800E+02,-8.3549E+00,-1.7037E+01,2.0295E+01,-5.1793E+00,-1.8931E-02,1.1893E-01,1.8653E-01,1.0060E+01,9.8549E-03,6.0597E-02,0.0000E+00,4.0000E+00,6.1938E-02,0.0000E+00,0.0000E+00,0.0000E+00
109,4.7300E+02,6.4800E+02,-8.9507E+00,-1.8444E+01,2.0295E+01,-5.1793E+00,-1.8931E-02,1.2638E-01,1.9590E-01,1.0772E+01,1.0009E-02,5.9893E-02,0.0000E+00,4.0000E+00,6.2908E-02,0.0000E+00,0.0000E+00,0.0000E+00
110,4.7300E+02,6.4800E+02,-8.2862E+00,-1.7025E+01,2.0295E+01,-5.1793E+00,-1.8931E-02,1.2064E-01,1.7959E-01,9.9450E+00,1.0378E-02,5.8265E-02,0.0000E+00,4.0000E+00,6.5224E-02,0.0000E+00,0.0000E+00,0.0000E+00
111,4.7300E+02,6.4800E+02,-7.7514E+00,-1.5915E+01,2.0295E+01,-5.1793E+00,-1.8931E-02,1.1858E-01,1.6557E-01,9.2441E+00,1.0362E-02,5.7961E-02,0.0000E+00,4.0000E+00,6.5124E-02,0.0000E+00,0.0000E+00,0.0000E+00
112,4.7300E+02,6.4800E+02,-7.0165E+00,-1.4437E+01,2.0295E+01,-5.1793E+00,-1.8931E-02,1.0397E-01,1.4949E-01,8.4266E+00,1.0388E-02,5.8419E-02,0.0000E+00,4.0000E+00,6.5290E-02,0.0000E+00,0.0000E+00,0.0000E+00
113,4.7300E+02,6.4800E+02,-6.3514E+00,-1.3036E+01,2.0295E+01,-5.1793E+00,-1.8931E-02,1.0021E-01,1.3394E-01,7.5641E+00,1.0116E-02,5.7996E-02,0.0000E+00,4.0000E+00,6.3576E-02,0.0000E+00,0.0000E+00,0.0000E+00
114,4.7300E+02,6.4800E+02,-5.6847E+00,-1.1561E+01,2.0295E+01,-5.1793E+00,-1.8931E-02,8.9394E-02,1.2067E-01,6.7872E+00,9.7783E-03,5.6853E-02,0.0000E+00,4.0000E+00,6.1457E-02,0.0000E+00,0.0000E+00,0.0000E+00
115,4.7300E+02,6.4800E+02,-4.9591E+00,-1.0086E+01,2.0295E+01,-5.1793E+00,-1.8931E-02,7.5995E-02,1.0868E-01,5.9568E+00,1.0822E-02,5.7703E-02,0.0000E+00,4.0000E+00,6.8015E-02,0.0000E+00,0.0000E+00,0.0000E+00
116,4.7300E+02,6.4800E+02,-4.3417E+00,-8.8067E+00,2.0295E+01,-5.1793E+00,-1.8931E-02,6.6598E-02,9.5357E-02,5.2232E+00,1.0049E-02,5.5063E-02,0.0000E+00,4.0000E+00,6.3156E-02,0.0000E+00,0.0000E+00,0.0000E+00
117,4.7300E+02,6.4800E+02,-3.6148E+00,-7.2974E+00,2.0295E+01,-5.1793E+00,-1.8931E-02,5.9159E-02,7.6494E-02,4.3107E+00,1.0631E-02,5.2852E-02,0.0000E+00,4.0000E+00,6.6813E-02,0.0000E+00,0.0000E+00,0.0000E+00
118,4.7300E+02,6.4800E+02,-3.0725E+00,-6.1098E+00,2.0295E+01,-5.1793E+00,-1.8931E-02,5.5432E-02,6.2498E-02,3.6050E+00,1.0922E-02,5.8780E-02,0.0000E+00,4.0000E+00,6.8642E-02,0.0000E+00,0.0000E+00,0.0000E+00
119,4.7300E+02,6.4800E+02,-2.4185E+00,-4.7603E+00,2.0295E+01,-5.1793E+00,-1.8931E-02,4.3902E-02,5.2143E-02,2.8390E+00,1.0616E-02,4.9936E-02,0.0000E+00,4.0000E+00,6.6721E-02,0.0000E+00,0.0000E+00,0.0000E+00
120,4.7300E+02,6.4800E+02,-1.8286E+00,-3.3595E+00,2.0295E+01,-5.1793E+00,-1.8931E-02,4.0571E-02,3.9893E-02,2.0579E+00,9.8514E-03,5.0024E-02,0.0000E+00,4.0000E+00,6.1916E-02,0.0000E+00,0.0000E+00,0.0000E+00
121,4.7300E+02,6.4800E+02,-1.2541E+00,-2.0413E+00,2.0295E+01,-5.1793E+00,-1.8931E-02,3.7412E-02,2.6929E-02,1.2933E+00,1.0299E-02,4.6806E-02,0.0000E+00,4.0000E+00,6.4726E-02,0.0000E+00,0.0000E+00,0.0000E+00
122,4.7300E+02,6.4800E+02,-6.2270E-01,-8.3111E-01,2.0295E+01,-5.1793E+00,-1.8931E-02,2.7461E-02,1.5174E-02,5.2992E-01,1.0827E-02,4.2181E-02,0.0000E+00,4.0000E+00,6.8050E-02,0.0000E+00,0.0000E+00,0.0000E+00
123,4.7300E+02,6.4800E+02,-2.4204E-01,-1.4479E-01,2.0295E+01,-5.1793E+00,-1.8931E-02,1.2697E-02,8.9622E-03,1.8172E-01,9.9445E-03,4.2755E-02,0.0000E+00,4.0000E+00,6.2501E-02,0.0000E+00,0.0000E+00,0.0000E+00
124,4.7300E+02,6.4800E+02,-2.6123E-01,-1.7988E-01,2.0295E+01,-5.1793E+00,-1.8931E-02,1.3990E-02,8.5738E-03,1.9237E-01,1.0655E-02,4.1841E-02,0.0000E+00,4.0000E+00,6.6970E-02,0.0000E+00,0.0000E+00,0.0000E+00
125,4.7300E+02,6.4800E+02,-2.4470E-01,-1.4802E-01,2.0295E+01,-5.1793E+00,-1.8931E-02,1.3219E-02,8.2398E-03,1.7899E-01,1.1034E-02,4.3989E-02,0.0000E+00,4.0000E+00,6.9349E-02,0.0000E+00,0.0000E+00,0.0000E+00
126,4.7300E+02,6.4800E+02,-2.3538E-01,-1.3382E-01,2.0295E+01,-5.1793E+00,-1.8931E-02,1.3037E-02,7.6611E-03,1.6820E-01,1.0558E-02,4.4478E-02,0.0000E+00,4.0000E+00,6.6354E-02,0.0000E+00,0.0000E+00,0.0000E+00
127,4.7300E+02,6.4800E+02,-2.3412E-01,-1.3995E-01,2.0295E+01,-5.1793E+00,-1.8931E-02,1.2723E-02,8.3513E-03,1.7013E-01,1.0498E-02,4.3627E-02,0.0000E+00,4.0000E+00,6.5982E-02,0.0000E+00,0.0000E+00,0.0000E+00
128,4.7300E+02,6.4800E+02,-2.3888E-01,-1.7721E-01,2.0295E+01,-5.1793E+00,-1.8931E-02,1.3541E-02,5.5386E-03,1.6670E-01,1.0513E-02,4.2318E-02,0.0000E+00,4.0000E+00,6.6077E-02,0.0000E+00,0.0000E+00,0.0000E+00
129,4.7300E+02,6.4800E+02,-2.2969E-01,-1.5702E-01,2.0295E+01,-5.1793E+00,-1.8931E-02,1.3303E-02,4.4680E-03,1.5712E-01,1.0362E-02,4.3627E-02,0.0000E+00,4.0000E+00,6.5124E-02,0.0000E+00,0.0000E+00,0.0000E+00
130,4.7300E+02,6.4800E+02,-4.3473E-02,-4.0293E-01,2.0295E+01,-5.1793E+00,-1.8931E-02,-7.9726E-03,-3.7602E-03,1.6200E-01,1.0223E-02,4.0906E-02,0.0000E+00,4.0000E+00,6.4251E-02,0.0000E+00,0.0000E+00,0.0000E+00
131,4.7300E+02,6.4800E+02,-1.1703E-02,-3.7576E-01,2.0295E+01,-5.1793E+00,-1.8931E-02,-1.0006E-02,-4.9320E-03,1.4306E-01,9.7603E-03,4.3476E-02,0.0000E+00,4.0000E+00,6.1343E-02,0.0000E+00,0.0000E+00,0.0000E+00
132,4.7300E+02,6.4800E+02,-1.2138E-02,-4.0196E-01,2.0295E+01,-5.1793E+00,-1.8931E-02,-1.0642E-02,-5.5305E-03,1.5176E-01,1.0937E-02,4.4918E-02,0.0000E+00,4.0000E+00,6.8740E-02,0.0000E+00,0.0000E+00,0.0000E+00
133,4.7300E+02,6.4800E+02,-2.8612E-03,-4.0183E-01,2.0295E+01,-5.1793E+00,-1.8931E-02,-1.1591E-02,-5.7053E-03,1.5067E-01,1.0972E-02,4.2225E-02,0.0000E+00,4.0000E+00,6.8958E-02,0.0000E+00,0.0000E+00,0.0000E+00
134,4.7300E+02,6.4800E+02,-4.9671E-03,-4.3433E-01,2.0295E+01,-5.1793E+00,-1.8931E-02,-1.1644E-02,-6.8634E-03,1.5428E-01,9.7909E-03,4.2298E-02,0.0000E+00,4.0000E+00,6.1535E-02,0.0000E+00,0.0000E+00,0.0000E+00
135,4.7300E+02,6.4800E+02,-1.8080E-02,-4.4674E-01,2.0295E+01,-5.1793E+00,-1.8931E-02,-1.1598E-02,-7.0571E-03,1.7265E-01,1.0757E-02,4.1177E-02,0.0000E+00,4.0000E+00,6.7608E-02,0.0000E+00,0.0000E+00,0.0000E+00
136,4.7300E+02,6.4800E+02,1.0610E-02,-4.3130E-01,2.0295E+01,-5.1793E+00,-1.8931E-02,-1.2829E-02,-7.1639E-03,1.4719E-01,1.0022E-02,4.5772E-02,0.0000E+00,4.0000E+00,6.2988E-02,0.0000E+00,0.0000E+00,0.0000E+00
137,4.7300E+02,6.4800E+02,-8.4083E-03,-4.2366E-01,2.0295E+01,-5.1793E+00,-1.8931E-02,-1.1828E-02,-7.0859E-03,1.6195E-01,1.0168E-02,4.1645E-02,0.0000E+00,4.0000E+00,6.3908E-02,0.0000E+00,0.0000E+00,0.0000E+00
138,4.7300E+02,6.4800E+02,1.0684E-03,-4.3322E-01,2.0295E+01,-5.1793E+00,-1.8931E-02,-1.2998E-02,-6.9708E-03,1.6321E-01,1.0579E-02,4.2765E-02,0.0000E+00,4.0000E+00,6.6491E-02,0.0000E+00,0.0000E+00,0.0000E+00
139,4.7300E+02,6.4800E+02,-3.1219E-03,-4.9312E-01,2.0295E+01,-5.1793E+00,-1.8931E-02,-1.2346E-02,-8.7433E-03,1.6041E-01,1.0205E-02,4.2763E-02,0.0000E+00,4.0000E+00,6.4141E-02,0.0000E+00,0.0000E+00,0.0000E+00
140,4.7300E+02,6.4800E+02,1.2099E-02,-4.3224E-01,2.0295E+01,-5.1793E+00,-1.8931E-02,-1.3392E-02,-8.9223E-03,1.5292E-01,1.0672E-02,4.3271E-02,0.0000E+00,4.0000E+00,6.7071E-02,0.0000E+00,0.0000E+00,0.0000E+00
141,4.7300E+02,6.4800E+02,2.5770E-02,-4.7577E-01,2.0295E+01,-5.1793E+00,-1.8931E-02,-1.5252E-02,-9.4051E-03,1.5671E-01,1.0164E-02,4.3246E-02,0.0000E+00,4.0000E+00,6.3883E-02,0.0000E+00,0.0000E+00,0.0000E+00
142,4.7300E+02,6.4800E+02,-1.2161E-01,-2.8163E-01,2.0295E+01,-5.1793E+00,-1.8931E-02,1.0847E-03,1.0330E-04,1.5841E-01,1.0851E-02,4.4646E-02,0.0000E+00,4.0000E+00,6.8198E-02,0.0000E+00,0.0000E+00,0.0000E+00
143,4.7300E+02,6.4800E+02,-1.2376E-01,-2.8056E-01,2.0295E+01,-5.1793E+00,-1.8931E-02,3.9277E-04,3.0666E-04,1.7051E-01,1.0220E-02,4.3913E-02,0.0000E+00,4.0000E+00,6.4233E-02,0.0000E+00,0.0000E+00,0.0000E+00
144,4.7300E+02,6.4800E+02,-1.1983E-01,-2.9494E-01,2.0295E+01,-5.1793E+00,-1.8931E-02,7.4264E-04,-2.3815E-03,1.6088E-01,1.0056E-02,4.4288E-02,0.0000E+00,4.0000E+00,6.3201E-02,0.0000E+00,0.0000E+00,0.0000E+00
145,4.7300E+02,6.4800E+02,-1.3521E-01,-2.9983E-01,2.0295E+01,-5.1793E+00,-1.8931E-02,1.3220E-03,-1.0374E-03,1.7520E-01,1.0248E-02,4.2709E-02,0.0000E+00,4.0000E+00,6.4408E-02,0.0000E+00,0.0000E+00,0.0000E+00
146,4.7300E+02,6.4800E+02,-1.3320E-01,-3.1363E-01,2.0295E+01,-5.1793E+00,-1.8931E-02,1.3137E-03,-1.9105E-03,1.7244E-01,1.0162E-02,4.3587E-02,0.0000E+00,4.0000E+00,6.3868E-02,0.0000E+00,0.0000E+00,0.0000E+00
