FRAME,COORDINATE_X,COORDINATE_Y,DISPLACEMENT_X,DISPLACEMENT_Y,MODEL_COORDINATES_X,MODEL_COORDINATES_Y,MODEL_COORDINATES_Z,MODEL_DISPLACEMENT_X,MODEL_DISPLACEMENT_Y,MODEL_DISPLACEMENT_Z,SIGMA,GAMMA,BETA,STATUS_FLAG,UNCERTAINTY,VSG_STRAIN_XX,VSG_STRAIN_YY,VSG_STRAIN_XY
0,5.0100E+02,5.7200E+02,6.2627E-03,-2.4223E-02,1.2979E+01,8.1383E+00,-1.1584E-01,4.7592E-04,3.0979E-04,-3.0377E-03,1.5844E-02,9.9451E-03,0.0000E+00,4.0000E+00,1.1212E-01,0.0000E+00,0.0000E+00,0.0000E+00
1,5.0100E+02,5.7200E+02,-2.5550E-02,4.2910E-01,1.2979E+01,8.1383E+00,-1.1584E-01,-1.9664E-03,-2.0823E-02,1.0356E-02,1.6883E-02,1.0813E-02,0.0000E+00,4.0000E+00,1.1948E-01,0.0000E+00,0.0000E+00,0.0000E+00
2,5.0100E+02,5.7200E+02,-1.5447E-02,4.6366E-01,1.2979E+01,8.1383E+00,-1.1584E-01,-1.5066E-03,-2.2262E-02,1.1214E-04,1.6905E-02,1.2417E-02,0.0000E+00,4.0000E+00,1.1963E-01,0.0000E+00,0.0000E+00,0.0000E+00
3,5.0100E+02,5.7200E+02,-3.4279E-02,5.1535E-01,1.2979E+01,8.1383E+00,-1.1584E-01,-2.9647E-03,-2.5102E-02,8.6368E-03,1.7344E-02,1.2834E-02,0.0000E+00,4.0000E+00,1.2273E-01,0.0000E+00,0.0000E+00,0.0000E+00
4,5.0100E+02,5.7200E+02,-3.1280E-02,5.5116E-01,1.2979E+01,8.1383E+00,-1.1584E-01,-2.9358E-03,-2.6291E-02,3.7271E-03,1.7614E-02,1.1847E-02,0.0000E+00,4.0000E+00,1.2465E-01,0.0000E+00,0.0000E+00,0.0000E+00
5,5.0100E+02,5.7200E+02,-4.0523E-02,5.8775E-01,1.2979E+01,8.1383E+00,-1.1584E-01,-3.7696E-03,-2.8580E-02,5.8456E-03,1.7397E-02,1.2562E-02,0.0000E+00,4.0000E+00,1.2311E-01,0.0000E+00,0.0000E+00,0.0000E+00
6,5.0100E+02,5.7200E+02,-4.4074E-02,6.1705E-01,1.2979E+01,8.1383E+00,-1.1584E-01,-4.1199E-03,-3.0240E-02,6.0903E-03,1.8300E-02,1.2053E-02,0.0000E+00,4.0000E+00,1.2950E-01,0.0000E+00,0.0000E+00,0.0000E+00
7,5.0100E+02,5.7200E+02,-5.4151E-02,6.5606E-01,1.2979E+01,8.1383E+00,-1.1584E-01,-4.8411E-03,-3.1763E-02,1.1652E-02,1.8157E-02,1.2860E-02,0.0000E+00,4.0000E+00,1.2849E-01,0.0000E+00,0.0000E+00,0.0000E+00
8,5.0100E+02,5.7200E+02,-5.7373E-02,7.1356E-01,1.2979E+01,8.1383E+00,-1.1584E-01,-5.2471E-03,-3.4197E-02,1.0320E-02,1.7175E-02,1.3275E-02,0.0000E+00,4.0000E+00,1.2154E-01,0.0000E+00,0.0000E+00,0.0000E+00
9,5.0100E+02,5.7200E+02,-5.2918E-02,7.5916E-01,1.2979E+01,8.1383E+00,-1.1584E-01,-5.0690E-03,-3.6029E-02,5.2915E-03,1.7510E-02,1.1474E-02,0.0000E+00,4.0000E+00,1.2391E-01,0.0000E+00,0.0000E+00,0.0000E+00
10,5.0100E+02,5.7200E+02,-5.6554E-02,8.1312E-01,1.2979E+01,8.1383E+00,-1.1584E-01,-5.4222E-03,-3.7860E-02,5.6400E-03,1.8338E-02,1.3349E-02,0.0000E+00,4.0000E+00,1.2977E-01,0.0000E+00,0.0000E+00,0.0000E+00
11,5.0100E+02,5.7200E+02,-5.6699E-02,8.4504E-01,1.2979E+01,8.1383E+00,-1.1584E-01,-5.6439E-03,-3.9348E-02,2.0422E-03,1.7268E-02,1.3212E-02,0.0000E+00,4.0000E+00,1.2220E-01,0.0000E+00,0.0000E+00,0.0000E+00
12,5.0100E+02,5.7200E+02,-6.4646E-02,8.7364E-01,1.2979E+01,8.1383E+00,-1.1584E-01,-6.1941E-03,-4.0880E-02,6.7093E-03,1.7797E-02,1.2796E-02,0.0000E+00,4.0000E+00,1.2594E-01,0.0000E+00,0.0000E+00,0.0000E+00
13,5.0100E+02,5.7200E+02,-7.8426E-02,9.1513E-01,1.2979E+01,8.1383E+00,-1.1584E-01,-7.4068E-03,-4.2936E-02,1.0504E-02,1.7674E-02,1.6106E-02,0.0000E+00,4.0000E+00,1.2507E-01,0.0000E+00,0.0000E+00,0.0000E+00
14,5.0100E+02,5.7200E+02,-8.2713E-02,1.2905E+00,1.2979E+01,8.1383E+00,-1.1584E-01,-7.9351E-03,-5.8339E-02,8.0022E-03,1.2207E-02,2.3360E-02,0.0000E+00,4.0000E+00,8.6381E-02,0.0000E+00,0.0000E+00,0.0000E+00
15,5.0100E+02,5.7200E+02,-3.4143E-02,7.8897E-01,1.2979E+01,8.1383E+00,-1.1584E-01,-4.3731E-03,-3.8081E-02,-1.6375E-02,1.0680E-02,5.1248E-02,0.0000E+00,4.0000E+00,7.5576E-02,0.0000E+00,0.0000E+00,0.0000E+00
16,5.0100E+02,5.7200E+02,-8.5673E-02,1.1320E+00,1.2979E+01,8.1383E+00,-1.1584E-01,-8.4042E-03,-5.0657E-02,5.9628E-03,1.7539E-02,1.6611E-02,0.0000E+00,4.0000E+00,1.2411E-01,0.0000E+00,0.0000E+00,0.0000E+00
17,5.0100E+02,5.7200E+02,-9.3440E-02,1.0911E+00,1.2979E+01,8.1383E+00,-1.1584E-01,-8.6506E-03,-5.0757E-02,1.5501E-02,1.6755E-02,1.6393E-02,0.0000E+00,4.0000E+00,1.1857E-01,0.0000E+00,0.0000E+00,0.0000E+00
18,5.0100E+02,5.7200E+02,-9.7798E-02,1.1132E+00,1.2979E+01,8.1383E+00,-1.1584E-01,-9.5642E-03,-5.1172E-02,7.8067E-03,1.7364E-02,1.7216E-02,0.0000E+00,4.0000E+00,1.2288E-01,0.0000E+00,0.0000E+00,0.0000E+00
19,5.0100E+02,5.7200E+02,-1.0845E-01,1.1513E+00,1.2979E+01,8.1383E+00,-1.1584E-01,-1.0349E-02,-5.3176E-02,1.3275E-02,1.7495E-02,1.7399E-02,0.0000E+00,4.0000E+00,1.2380E-01,0.0000E+00,0.0000E+00,0.0000E+00
20,5.0100E+02,5.7200E+02,-1.1067E-01,1.1812E+00,1.2979E+01,8.1383E+00,-1.1584E-01,-1.0533E-02,-5.4463E-02,1.4020E-02,1.6812E-02,1.7490E-02,0.0000E+00,4.0000E+00,1.1897E-01,0.0000E+00,0.0000E+00,0.0000E+00
21,5.0100E+02,5.7200E+02,-1.4486E+00,3.7442E-02,1.2979E+01,8.1383E+00,-1.1584E-01,-9.2883E-02,-9.4651E-02,9.8468E-01,1.7540E-02,4.8330E-02,0.0000E+00,4.0000E+00,1.2412E-01,0.0000E+00,0.0000E+00,0.0000E+00
22,5.0100E+02,5.7200E+02,-1.4495E+00,5.9707E-02,1.2979E+01,8.1383E+00,-1.1584E-01,-9.3008E-02,-9.5763E-02,9.8407E-01,1.7776E-02,4.7648E-02,0.0000E+00,4.0000E+00,1.2580E-01,0.0000E+00,0.0000E+00,0.0000E+00
23,5.0100E+02,5.7200E+02,-1.4571E+00,7.3360E-02,1.2979E+01,8.1383E+00,-1.1584E-01,-9.3586E-02,-9.6849E-02,9.8761E-01,1.7131E-02,4.7028E-02,0.0000E+00,4.0000E+00,1.2123E-01,0.0000E+00,0.0000E+00,0.0000E+00
24,5.0100E+02,5.7200E+02,-2.8024E+00,-1.1883E+00,1.2979E+01,8.1383E+00,-1.1584E-01,-1.7306E-01,-1.3657E-01,2.0094E+00,1.7969E-02,3.4790E-02,0.0000E+00,4.0000E+00,1.2716E-01,0.0000E+00,0.0000E+00,0.0000E+00
25,5.0100E+02,5.7200E+02,-2.8045E+00,-1.1481E+00,1.2979E+01,8.1383E+00,-1.1584E-01,-1.7343E-01,-1.3725E-01,2.0070E+00,1.7688E-02,3.5894E-02,0.0000E+00,4.0000E+00,1.2517E-01,0.0000E+00,0.0000E+00,0.0000E+00
26,5.0100E+02,5.7200E+02,-2.8085E+00,-1.1628E+00,1.2979E+01,8.1383E+00,-1.1584E-01,-1.7380E-01,-1.3740E-01,2.0077E+00,1.7771E-02,3.4156E-02,0.0000E+00,4.0000E+00,1.2576E-01,0.0000E+00,0.0000E+00,0.0000E+00
27,5.0100E+02,5.7200E+02,-3.9464E+00,-2.3402E+00,1.2979E+01,8.1383E+00,-1.1584E-01,-2.3666E-01,-1.7202E-01,2.9364E+00,1.7747E-02,1.9761E-02,0.0000E+00,4.0000E+00,1.2559E-01,0.0000E+00,0.0000E+00,0.0000E+00
28,5.0100E+02,5.7200E+02,-3.9447E+00,-2.3213E+00,1.2979E+01,8.1383E+00,-1.1584E-01,-2.3669E-01,-1.7282E-01,2.9329E+00,1.8012E-02,1.9476E-02,0.0000E+00,4.0000E+00,1.2746E-01,0.0000E+00,0.0000E+00,0.0000E+00
29,5.0100E+02,5.7200E+02,-3.9505E+00,-2.3005E+00,1.2979E+01,8.1383E+00,-1.1584E-01,-2.3740E-01,-1.7297E-01,2.9312E+00,1.7441E-02,1.8941E-02,0.0000E+00,4.0000E+00,1.2342E-01,0.0000E+00,0.0000E+00,0.0000E+00
30,5.0100E+02,5.7200E+02,-5.1514E+00,-3.4277E+00,1.2979E+01,8.1383E+00,-1.1584E-01,-3.0152E-01,-2.1880E-01,3.9385E+00,1.8002E-02,2.6033E-02,0.0000E+00,4.0000E+00,1.2739E-01,0.0000E+00,0.0000E+00,0.0000E+00
31,5.0100E+02,5.7200E+02,-5.1529E+00,-3.4163E+00,1.2979E+01,8.1383E+00,-1.1584E-01,-3.0163E-01,-2.1937E-01,3.9394E+00,1.8034E-02,2.5326E-02,0.0000E+00,4.0000E+00,1.2762E-01,0.0000E+00,0.0000E+00,0.0000E+00
32,5.0100E+02,5.7200E+02,-5.1540E+00,-3.3888E+00,1.2979E+01,8.1383E+00,-1.1584E-01,-3.0181E-01,-2.2038E-01,3.9382E+00,1.8188E-02,2.4786E-02,0.0000E+00,4.0000E+00,1.2871E-01,0.0000E+00,0.0000E+00,0.0000E+00
33,5.0100E+02,5.7200E+02,-3.9628E+00,-2.2489E+00,1.2979E+01,8.1383E+00,-1.1584E-01,-2.3691E-01,-1.7841E-01,2.9601E+00,1.7912E-02,1.6586E-02,0.0000E+00,4.0000E+00,1.2675E-01,0.0000E+00,0.0000E+00,0.0000E+00
34,5.0100E+02,5.7200E+02,-3.9595E+00,-2.2446E+00,1.2979E+01,8.1383E+00,-1.1584E-01,-2.3687E-01,-1.7868E-01,2.9551E+00,1.8717E-02,1.9464E-02,0.0000E+00,4.0000E+00,1.3245E-01,0.0000E+00,0.0000E+00,0.0000E+00
35,5.0100E+02,5.7200E+02,-3.9659E+00,-2.1965E+00,1.2979E+01,8.1383E+00,-1.1584E-01,-2.3728E-01,-1.8047E-01,2.9592E+00,1.8930E-02,1.7598E-02,0.0000E+00,4.0000E+00,1.3396E-01,0.0000E+00,0.0000E+00,0.0000E+00
36,5.0100E+02,5.7200E+02,-2.8266E+00,-9.9804E-01,1.2979E+01,8.1383E+00,-1.1584E-01,-1.7454E-01,-1.4583E-01,2.0263E+00,1.7145E-02,3.3358E-02,0.0000E+00,4.0000E+00,1.2133E-01,0.0000E+00,0.0000E+00,0.0000E+00
37,5.0100E+02,5.7200E+02,-2.8272E+00,-9.7263E-01,1.2979E+01,8.1383E+00,-1.1584E-01,-1.7445E-01,-1.4723E-01,2.0287E+00,1.7340E-02,3.2049E-02,0.0000E+00,4.0000E+00,1.2271E-01,0.0000E+00,0.0000E+00,0.0000E+00
38,5.0100E+02,5.7200E+02,-2.8377E+00,-9.8619E-01,1.2979E+01,8.1383E+00,-1.1584E-01,-1.7551E-01,-1.4708E-01,2.0294E+00,1.7498E-02,3.0187E-02,0.0000E+00,4.0000E+00,1.2382E-01,0.0000E+00,0.0000E+00,0.0000E+00
39,5.0100E+02,5.7200E+02,-1.6467E+00,1.4987E-01,1.2979E+01,8.1383E+00,-1.1584E-01,-1.0932E-01,-1.0757E-01,1.0561E+00,1.7687E-02,4.8114E-02,0.0000E+00,4.0000E+00,1.2517E-01,0.0000E+00,0.0000E+00,0.0000E+00
40,5.0100E+02,5.7200E+02,-1.6393E+00,1.6915E-01,1.2979E+01,8.1383E+00,-1.1584E-01,-1.0882E-01,-1.0761E-01,1.0515E+00,1.7517E-02,4.7665E-02,0.0000E+00,4.0000E+00,1.2396E-01,0.0000E+00,0.0000E+00,0.0000E+00
41,5.0100E+02,5.7200E+02,-1.6447E+00,1.7599E-01,1.2979E+01,8.1383E+00,-1.1584E-01,-1.0907E-01,-1.0813E-01,1.0568E+00,1.7731E-02,4.6950E-02,0.0000E+00,4.0000E+00,1.2548E-01,0.0000E+00,0.0000E+00,0.0000E+00
42,5.0100E+02,5.7200E+02,-2.2824E-01,1.4009E+00,1.2979E+01,8.1383E+00,-1.1584E-01,-2.1949E-02,-6.6566E-02,2.8771E-02,1.6993E-02,2.8120E-02,0.0000E+00,4.0000E+00,1.2025E-01,0.0000E+00,0.0000E+00,0.0000E+00
43,5.0100E+02,5.7200E+02,-2.3399E-01,1.4036E+00,1.2979E+01,8.1383E+00,-1.1584E-01,-2.2773E-02,-6.6831E-02,2.5055E-02,1.7305E-02,3.0463E-02,0.0000E+00,4.0000E+00,1.2246E-01,0.0000E+00,0.0000E+00,0.0000E+00
44,5.0100E+02,5.7200E+02,-2.4431E-01,1.4054E+00,1.2979E+01,8.1383E+00,-1.1584E-01,-2.3263E-02,-6.7523E-02,3.5002E-02,1.7176E-02,2.9665E-02,0.0000E+00,4.0000E+00,1.2155E-01,0.0000E+00,0.0000E+00,0.0000E+00
45,5.0100E+02,5.7200E+02,-2.4824E-01,1.4167E+00,1.2979E+01,8.1383E+00,-1.1584E-01,-2.3717E-02,-6.8672E-02,3.4190E-02,1.7773E-02,3.1413E-02,0.0000E+00,4.0000E+00,1.2577E-01,0.0000E+00,0.0000E+00,0.0000E+00
46,5.0100E+02,5.7200E+02,-2.4517E-01,1.3990E+00,1.2979E+01,8.1383E+00,-1.1584E-01,-2.3735E-02,-6.7423E-02,2.8552E-02,1.7056E-02,3.1248E-02,0.0000E+00,4.0000E+00,1.2070E-01,0.0000E+00,0.0000E+00,0.0000E+00
47,5.0100E+02,5.7200E+02,-2.5443E-01,1.4217E+00,1.2979E+01,8.1383E+00,-1.1584E-01,-2.4323E-02,-6.8577E-02,3.4956E-02,1.6888E-02,3.2437E-02,0.0000E+00,4.0000E+00,1.1951E-01,0.0000E+00,0.0000E+00,0.0000E+00
48,5.0100E+02,5.7200E+02,-2.6184E-01,1.4124E+00,1.2979E+01,8.1383E+00,-1.1584E-01,-2.5201E-02,-6.8096E-02,3.3316E-02,1.7273E-02,3.2642E-02,0.0000E+00,4.0000E+00,1.2223E-01,0.0000E+00,0.0000E+00,0.0000E+00
49,5.0100E+02,5.7200E+02,-2.5156E-01,1.4283E+00,1.2979E+01,8.1383E+00,-1.1584E-01,-2.4242E-02,-6.8122E-02,3.1289E-02,1.7517E-02,3.1763E-02,0.0000E+00,4.0000E+00,1.2396E-01,0.0000E+00,0.0000E+00,0.0000E+00
50,5.0100E+02,5.7200E+02,-2.5711E-01,1.4347E+00,1.2979E+01,8.1383E+00,-1.1584E-01,-2.4668E-02,-6.8860E-02,3.3868E-02,1.6407E-02,3.2103E-02,0.0000E+00,4.0000E+00,1.1611E-01,0.0000E+00,0.0000E+00,0.0000E+00
51,5.0100E+02,5.7200E+02,-2.5207E-01,1.4247E+00,1.2979E+01,8.1383E+00,-1.1584E-01,-2.4386E-02,-6.7412E-02,2.9846E-02,1.7487E-02,3.1595E-02,0.0000E+00,4.0000E+00,1.2374E-01,0.0000E+00,0.0000E+00,0.0000E+00
52,5.0100E+02,5.7200E+02,-2.5510E-01,1.4300E+00,1.2979E+01,8.1383E+00,-1.1584E-01,-2.4791E-02,-6.8011E-02,2.8343E-02,1.7535E-02,3.2175E-02,0.0000E+00,4.0000E+00,1.2409E-01,0.0000E+00,0.0000E+00,0.0000E+00
53,5.0100E+02,5.7200E+02,-2.5090E-01,1.4229E+00,1.2979E+01,8.1383E+00,-1.1584E-01,-2.4372E-02,-6.6906E-02,2.8072E-02,1.6747E-02,3.3396E-02,0.0000E+00,4.0000E+00,1.1851E-01,0.0000E+00,0.0000E+00,0.0000E+00
54,5.0100E+02,5.7200E+02,-2.5142E-01,1.4182E+00,1.2979E+01,8.1383E+00,-1.1584E-01,-2.4564E-02,-6.6745E-02,2.5765E-02,1.6597E-02,3.2262E-02,0.0000E+00,4.0000E+00,1.1745E-01,0.0000E+00,0.0000E+00,0.0000E+00
55,5.0100E+02,5.7200E+02,-2.6032E-01,1.4280E+00,1.2979E+01,8.1383E+00,-1.1584E-01,-2.5236E-02,-6.7807E-02,3.0105E-02,1.7703E-02,3.2682E-02,0.0000E+00,4.0000E+00,1.2528E-01,0.0000E+00,0.0000E+00,0.0000E+00
56,5.0100E+02,5.7200E+02,-2.6549E-01,1.5667E+00,1.2979E+01,8.1383E+00,-1.1584E-01,-2.5716E-02,-7.0616E-02,3.1075E-02,1.5943E-02,3.4581E-02,0.0000E+00,4.0000E+00,1.1282E-01,0.0000E+00,0.0000E+00,0.0000E+00
57,5.0100E+02,5.7200E+02,-2.6546E-01,1.4875E+00,1.2979E+01,8.1383E+00,-1.1584E-01,-2.5475E-02,-7.0370E-02,3.4974E-02,1.7546E-02,3.3223E-02,0.0000E+00,4.0000E+00,1.2417E-01,0.0000E+00,0.0000E+00,0.0000E+00
58,5.0100E+02,5.7200E+02,-2.5127E-01,1.4278E+00,1.2979E+01,8.1383E+00,-1.1584E-01,-2.4584E-02,-6.8956E-02,2.4933E-02,1.6599E-02,3.2425E-02,0.0000E+00,4.0000E+00,1.1746E-01,0.0000E+00,0.0000E+00,0.0000E+00
59,5.0100E+02,5.7200E+02,-2.6022E-01,1.4862E+00,1.2979E+01,8.1383E+00,-1.1584E-01,-2.5305E-02,-7.0552E-02,2.8538E-02,1.6893E-02,3.3029E-02,0.0000E+00,4.0000E+00,1.1954E-01,0.0000E+00,0.0000E+00,0.0000E+00
60,5.0100E+02,5.7200E+02,-2.7449E-01,1.5277E+00,1.2979E+01,8.1383E+00,-1.1584E-01,-2.6752E-02,-7.2187E-02,2.9304E-02,1.7733E-02,3.5144E-02,0.0000E+00,4.0000E+00,1.2549E-01,0.0000E+00,0.0000E+00,0.0000E+00
61,5.0100E+02,5.7200E+02,-2.5594E-01,1.4581E+00,1.2979E+01,8.1383E+00,-1.1584E-01,-2.4920E-02,-7.1129E-02,2.7331E-02,1.6630E-02,3.2161E-02,0.0000E+00,4.0000E+00,1.1769E-01,0.0000E+00,0.0000E+00,0.0000E+00
