FRAME,COORDINATE_X,COORDINATE_Y,DISPLACEMENT_X,DISPLACEMENT_Y,MODEL_COORDINATES_X,MODEL_COORDINATES_Y,MODEL_COORDINATES_Z,MODEL_DISPLACEMENT_X,MODEL_DISPLACEMENT_Y,MODEL_DISPLACEMENT_Z,SIGMA,GAMMA,BETA,STATUS_FLAG,UNCERTAINTY,VSG_STRAIN_XX,VSG_STRAIN_YY,VSG_STRAIN_XY
0,4.3900E+02,8.5100E+02,2.8870E-03,4.6445E-02,6.5581E+00,-6.6427E+00,-3.9865E-02,-3.2812E-04,-3.5286E-04,-9.0929E-03,1.6858E-02,8.7936E-03,0.0000E+00,4.0000E+00,1.2144E-01,0.0000E+00,0.0000E+00,0.0000E+00
1,4.3900E+02,8.5100E+02,-3.0048E-02,4.5603E-01,6.5581E+00,-6.6427E+00,-3.9865E-02,-2.3049E-03,-1.9693E-02,8.3138E-03,1.7294E-02,1.3594E-02,0.0000E+00,4.0000E+00,1.2459E-01,0.0000E+00,0.0000E+00,0.0000E+00
2,4.3900E+02,8.5100E+02,-2.9569E-02,5.1013E-01,6.5581E+00,-6.6427E+00,-3.9865E-02,-2.7741E-03,-2.1761E-02,9.6592E-04,1.7796E-02,1.4249E-02,0.0000E+00,4.0000E+00,1.2820E-01,0.0000E+00,0.0000E+00,0.0000E+00
3,4.3900E+02,8.5100E+02,-4.0428E-02,5.5004E-01,6.5581E+00,-6.6427E+00,-3.9865E-02,-3.6732E-03,-2.3618E-02,3.9413E-03,1.7229E-02,1.3066E-02,0.0000E+00,4.0000E+00,1.2412E-01,0.0000E+00,0.0000E+00,0.0000E+00
4,4.3900E+02,8.5100E+02,-3.1165E-02,5.7821E-01,6.5581E+00,-6.6427E+00,-3.9865E-02,-2.8858E-03,-2.5585E-02,1.4527E-03,1.8165E-02,1.2964E-02,0.0000E+00,4.0000E+00,1.3086E-01,0.0000E+00,0.0000E+00,0.0000E+00
5,4.3900E+02,8.5100E+02,-5.0638E-02,6.1477E-01,6.5581E+00,-6.6427E+00,-3.9865E-02,-4.5518E-03,-2.7652E-02,6.3520E-03,1.7715E-02,1.4636E-02,0.0000E+00,4.0000E+00,1.2762E-01,0.0000E+00,0.0000E+00,0.0000E+00
6,4.3900E+02,8.5100E+02,-5.0534E-02,6.7007E-01,6.5581E+00,-6.6427E+00,-3.9865E-02,-4.8494E-03,-2.9233E-02,1.7013E-03,1.7458E-02,1.3365E-02,0.0000E+00,4.0000E+00,1.2577E-01,0.0000E+00,0.0000E+00,0.0000E+00
7,4.3900E+02,8.5100E+02,-6.0881E-02,6.7385E-01,6.5581E+00,-6.6427E+00,-3.9865E-02,-5.1115E-03,-3.0939E-02,1.2997E-02,1.8174E-02,1.4356E-02,0.0000E+00,4.0000E+00,1.3092E-01,0.0000E+00,0.0000E+00,0.0000E+00
8,4.3900E+02,8.5100E+02,-6.4546E-02,7.2268E-01,6.5581E+00,-6.6427E+00,-3.9865E-02,-5.7793E-03,-3.2607E-02,8.8037E-03,1.7222E-02,1.3664E-02,0.0000E+00,4.0000E+00,1.2407E-01,0.0000E+00,0.0000E+00,0.0000E+00
9,4.3900E+02,8.5100E+02,-6.8040E-02,7.7377E-01,6.5581E+00,-6.6427E+00,-3.9865E-02,-6.3777E-03,-3.4330E-02,5.2735E-03,1.7355E-02,1.4925E-02,0.0000E+00,4.0000E+00,1.2503E-01,0.0000E+00,0.0000E+00,0.0000E+00
10,4.3900E+02,8.5100E+02,-7.4831E-02,8.0170E-01,6.5581E+00,-6.6427E+00,-3.9865E-02,-6.6595E-03,-3.6553E-02,1.1055E-02,1.8076E-02,1.5111E-02,0.0000E+00,4.0000E+00,1.3022E-01,0.0000E+00,0.0000E+00,0.0000E+00
11,4.3900E+02,8.5100E+02,-7.1759E-02,8.6240E-01,6.5581E+00,-6.6427E+00,-3.9865E-02,-6.7999E-03,-3.8251E-02,4.2891E-03,1.7058E-02,1.3931E-02,0.0000E+00,4.0000E+00,1.2289E-01,0.0000E+00,0.0000E+00,0.0000E+00
12,4.3900E+02,8.5100E+02,-7.1646E-02,9.0609E-01,6.5581E+00,-6.6427E+00,-3.9865E-02,-6.7864E-03,-4.0172E-02,4.0343E-03,1.7984E-02,1.3855E-02,0.0000E+00,4.0000E+00,1.2956E-01,0.0000E+00,0.0000E+00,0.0000E+00
13,4.3900E+02,8.5100E+02,-8.5595E-02,9.0209E-01,6.5581E+00,-6.6427E+00,-3.9865E-02,-7.9653E-03,-4.0515E-02,7.9689E-03,1.8054E-02,1.5353E-02,0.0000E+00,4.0000E+00,1.3006E-01,0.0000E+00,0.0000E+00,0.0000E+00
14,4.3900E+02,8.5100E+02,-4.1780E-02,1.0297E+00,6.5581E+00,-6.6427E+00,-3.9865E-02,-4.2386E-03,-4.7958E-02,-4.0837E-03,1.4075E-02,1.7534E-02,0.0000E+00,4.0000E+00,1.0140E-01,0.0000E+00,0.0000E+00,0.0000E+00
15,4.3900E+02,8.5100E+02,-3.6274E-02,8.0562E-01,6.5581E+00,-6.6427E+00,-3.9865E-02,-3.1702E-03,-3.3285E-02,2.8939E-03,9.7091E-03,5.5014E-02,0.0000E+00,4.0000E+00,6.9945E-02,0.0000E+00,0.0000E+00,0.0000E+00
16,4.3900E+02,8.5100E+02,-9.0163E-02,1.0731E+00,6.5581E+00,-6.6427E+00,-3.9865E-02,-8.3296E-03,-4.7590E-02,8.3318E-03,1.7450E-02,1.6037E-02,0.0000E+00,4.0000E+00,1.2571E-01,0.0000E+00,0.0000E+00,0.0000E+00
17,4.3900E+02,8.5100E+02,-9.7080E-02,1.0928E+00,6.5581E+00,-6.6427E+00,-3.9865E-02,-8.8263E-03,-4.8212E-02,1.1217E-02,1.6332E-02,1.6426E-02,0.0000E+00,4.0000E+00,1.1766E-01,0.0000E+00,0.0000E+00,0.0000E+00
18,4.3900E+02,8.5100E+02,-1.1653E-01,1.1133E+00,6.5581E+00,-6.6427E+00,-3.9865E-02,-1.0468E-02,-4.9029E-02,1.6397E-02,1.7049E-02,1.8217E-02,0.0000E+00,4.0000E+00,1.2282E-01,0.0000E+00,0.0000E+00,0.0000E+00
19,4.3900E+02,8.5100E+02,-1.1026E-01,1.1476E+00,6.5581E+00,-6.6427E+00,-3.9865E-02,-1.0223E-02,-5.0501E-02,1.0671E-02,1.8010E-02,1.7282E-02,0.0000E+00,4.0000E+00,1.2974E-01,0.0000E+00,0.0000E+00,0.0000E+00
20,4.3900E+02,8.5100E+02,-1.1893E-01,1.1924E+00,6.5581E+00,-6.6427E+00,-3.9865E-02,-1.0719E-02,-5.2715E-02,1.5953E-02,1.6891E-02,1.8114E-02,0.0000E+00,4.0000E+00,1.2168E-01,0.0000E+00,0.0000E+00,0.0000E+00
21,4.3900E+02,8.5100E+02,-1.5756E+00,6.3796E-01,6.5581E+00,-6.6427E+00,-3.9865E-02,-9.2468E-02,-9.4332E-02,9.7825E-01,1.7085E-02,4.6636E-02,0.0000E+00,4.0000E+00,1.2308E-01,0.0000E+00,0.0000E+00,0.0000E+00
22,4.3900E+02,8.5100E+02,-1.5782E+00,6.7013E-01,6.5581E+00,-6.6427E+00,-3.9865E-02,-9.2379E-02,-9.6143E-02,9.8283E-01,1.8285E-02,4.5073E-02,0.0000E+00,4.0000E+00,1.3172E-01,0.0000E+00,0.0000E+00,0.0000E+00
23,4.3900E+02,8.5100E+02,-1.5828E+00,6.7715E-01,6.5581E+00,-6.6427E+00,-3.9865E-02,-9.2799E-02,-9.6355E-02,9.8369E-01,1.8558E-02,4.5594E-02,0.0000E+00,4.0000E+00,1.3369E-01,0.0000E+00,0.0000E+00,0.0000E+00
24,4.3900E+02,8.5100E+02,-3.0885E+00,4.7604E-02,6.5581E+00,-6.6427E+00,-3.9865E-02,-1.7541E-01,-1.3719E-01,1.9949E+00,1.7038E-02,2.2363E-02,0.0000E+00,4.0000E+00,1.2274E-01,0.0000E+00,0.0000E+00,0.0000E+00
25,4.3900E+02,8.5100E+02,-3.1022E+00,6.3298E-02,6.5581E+00,-6.6427E+00,-3.9865E-02,-1.7665E-01,-1.3812E-01,1.9975E+00,1.7791E-02,2.2487E-02,0.0000E+00,4.0000E+00,1.2817E-01,0.0000E+00,0.0000E+00,0.0000E+00
26,4.3900E+02,8.5100E+02,-3.0998E+00,4.5624E-02,6.5581E+00,-6.6427E+00,-3.9865E-02,-1.7652E-01,-1.3768E-01,1.9961E+00,1.7426E-02,1.8771E-02,0.0000E+00,4.0000E+00,1.2554E-01,0.0000E+00,0.0000E+00,0.0000E+00
27,4.3900E+02,8.5100E+02,-4.3854E+00,-5.5764E-01,6.5581E+00,-6.6427E+00,-3.9865E-02,-2.4152E-01,-1.7336E-01,2.9266E+00,1.7495E-02,4.5662E-02,0.0000E+00,4.0000E+00,1.2604E-01,0.0000E+00,0.0000E+00,0.0000E+00
28,4.3900E+02,8.5100E+02,-4.3826E+00,-5.4501E-01,6.5581E+00,-6.6427E+00,-3.9865E-02,-2.4173E-01,-1.7426E-01,2.9199E+00,1.6877E-02,4.4491E-02,0.0000E+00,4.0000E+00,1.2159E-01,0.0000E+00,0.0000E+00,0.0000E+00
29,4.3900E+02,8.5100E+02,-4.3928E+00,-5.2147E-01,6.5581E+00,-6.6427E+00,-3.9865E-02,-2.4225E-01,-1.7520E-01,2.9269E+00,1.7694E-02,4.4876E-02,0.0000E+00,4.0000E+00,1.2747E-01,0.0000E+00,0.0000E+00,0.0000E+00
30,4.3900E+02,8.5100E+02,-5.6865E+00,-1.0109E+00,6.5581E+00,-6.6427E+00,-3.9865E-02,-3.0498E-01,-2.2006E-01,3.8915E+00,1.8677E-02,4.6465E-02,0.0000E+00,4.0000E+00,1.3455E-01,0.0000E+00,0.0000E+00,0.0000E+00
31,4.3900E+02,8.5100E+02,-5.6916E+00,-1.0091E+00,6.5581E+00,-6.6427E+00,-3.9865E-02,-3.0500E-01,-2.2084E-01,3.8983E+00,1.8863E-02,4.4711E-02,0.0000E+00,4.0000E+00,1.3589E-01,0.0000E+00,0.0000E+00,0.0000E+00
32,4.3900E+02,8.5100E+02,-5.6896E+00,-9.8342E-01,6.5581E+00,-6.6427E+00,-3.9865E-02,-3.0524E-01,-2.2111E-01,3.8921E+00,1.7777E-02,4.6405E-02,0.0000E+00,4.0000E+00,1.2807E-01,0.0000E+00,0.0000E+00,0.0000E+00
33,4.3900E+02,8.5100E+02,-4.4013E+00,-4.6958E-01,6.5581E+00,-6.6427E+00,-3.9865E-02,-2.4154E-01,-1.7919E-01,2.9481E+00,1.8078E-02,4.5778E-02,0.0000E+00,4.0000E+00,1.3023E-01,0.0000E+00,0.0000E+00,0.0000E+00
34,4.3900E+02,8.5100E+02,-4.3971E+00,-4.3380E-01,6.5581E+00,-6.6427E+00,-3.9865E-02,-2.4137E-01,-1.8050E-01,2.9441E+00,1.6901E-02,4.5583E-02,0.0000E+00,4.0000E+00,1.2176E-01,0.0000E+00,0.0000E+00,0.0000E+00
35,4.3900E+02,8.5100E+02,-4.4064E+00,-4.2764E-01,6.5581E+00,-6.6427E+00,-3.9865E-02,-2.4235E-01,-1.8124E-01,2.9442E+00,1.7047E-02,4.7317E-02,0.0000E+00,4.0000E+00,1.2281E-01,0.0000E+00,0.0000E+00,0.0000E+00
36,4.3900E+02,8.5100E+02,-3.1224E+00,2.4987E-01,6.5581E+00,-6.6427E+00,-3.9865E-02,-1.7740E-01,-1.4789E-01,2.0146E+00,1.6927E-02,2.4829E-02,0.0000E+00,4.0000E+00,1.2194E-01,0.0000E+00,0.0000E+00,0.0000E+00
37,4.3900E+02,8.5100E+02,-3.1324E+00,2.2683E-01,6.5581E+00,-6.6427E+00,-3.9865E-02,-1.7822E-01,-1.4675E-01,2.0177E+00,1.8025E-02,2.3604E-02,0.0000E+00,4.0000E+00,1.2985E-01,0.0000E+00,0.0000E+00,0.0000E+00
38,4.3900E+02,8.5100E+02,-3.1295E+00,2.4405E-01,6.5581E+00,-6.6427E+00,-3.9865E-02,-1.7832E-01,-1.4754E-01,2.0123E+00,1.7300E-02,2.5019E-02,0.0000E+00,4.0000E+00,1.2463E-01,0.0000E+00,0.0000E+00,0.0000E+00
39,4.3900E+02,8.5100E+02,-1.7777E+00,7.9024E-01,6.5581E+00,-6.6427E+00,-3.9865E-02,-1.0878E-01,-1.0589E-01,1.0426E+00,1.7584E-02,2.9725E-02,0.0000E+00,4.0000E+00,1.2668E-01,0.0000E+00,0.0000E+00,0.0000E+00
40,4.3900E+02,8.5100E+02,-1.7751E+00,8.0836E-01,6.5581E+00,-6.6427E+00,-3.9865E-02,-1.0846E-01,-1.0695E-01,1.0432E+00,1.7880E-02,3.0681E-02,0.0000E+00,4.0000E+00,1.2881E-01,0.0000E+00,0.0000E+00,0.0000E+00
41,4.3900E+02,8.5100E+02,-1.7851E+00,8.2068E-01,6.5581E+00,-6.6427E+00,-3.9865E-02,-1.0927E-01,-1.0641E-01,1.0461E+00,1.7834E-02,2.8909E-02,0.0000E+00,4.0000E+00,1.2848E-01,0.0000E+00,0.0000E+00,0.0000E+00
42,4.3900E+02,8.5100E+02,-2.5473E-01,1.4273E+00,6.5581E+00,-6.6427E+00,-3.9865E-02,-2.3137E-02,-6.5264E-02,3.9368E-02,1.7528E-02,3.2324E-02,0.0000E+00,4.0000E+00,1.2628E-01,0.0000E+00,0.0000E+00,0.0000E+00
43,4.3900E+02,8.5100E+02,-2.6169E-01,1.4268E+00,6.5581E+00,-6.6427E+00,-3.9865E-02,-2.3646E-02,-6.5182E-02,4.2307E-02,1.8413E-02,3.3227E-02,0.0000E+00,4.0000E+00,1.3265E-01,0.0000E+00,0.0000E+00,0.0000E+00
44,4.3900E+02,8.5100E+02,-2.6707E-01,1.4398E+00,6.5581E+00,-6.6427E+00,-3.9865E-02,-2.4048E-02,-6.6012E-02,4.4452E-02,1.8148E-02,3.3420E-02,0.0000E+00,4.0000E+00,1.3074E-01,0.0000E+00,0.0000E+00,0.0000E+00
45,4.3900E+02,8.5100E+02,-2.7408E-01,1.4399E+00,6.5581E+00,-6.6427E+00,-3.9865E-02,-2.4467E-02,-6.6390E-02,4.8755E-02,1.6875E-02,3.4857E-02,0.0000E+00,4.0000E+00,1.2157E-01,0.0000E+00,0.0000E+00,0.0000E+00
46,4.3900E+02,8.5100E+02,-2.7526E-01,1.4285E+00,6.5581E+00,-6.6427E+00,-3.9865E-02,-2.4543E-02,-6.6621E-02,4.9601E-02,1.7718E-02,3.6012E-02,0.0000E+00,4.0000E+00,1.2764E-01,0.0000E+00,0.0000E+00,0.0000E+00
47,4.3900E+02,8.5100E+02,-2.7914E-01,1.4355E+00,6.5581E+00,-6.6427E+00,-3.9865E-02,-2.5040E-02,-6.6587E-02,4.8286E-02,1.7774E-02,3.5289E-02,0.0000E+00,4.0000E+00,1.2804E-01,0.0000E+00,0.0000E+00,0.0000E+00
48,4.3900E+02,8.5100E+02,-2.8363E-01,1.4619E+00,6.5581E+00,-6.6427E+00,-3.9865E-02,-2.5547E-02,-6.7236E-02,4.7544E-02,1.7956E-02,3.4337E-02,0.0000E+00,4.0000E+00,1.2935E-01,0.0000E+00,0.0000E+00,0.0000E+00
49,4.3900E+02,8.5100E+02,-2.7947E-01,1.4762E+00,6.5581E+00,-6.6427E+00,-3.9865E-02,-2.4901E-02,-6.7902E-02,5.0267E-02,1.8065E-02,3.5880E-02,0.0000E+00,4.0000E+00,1.3014E-01,0.0000E+00,0.0000E+00,0.0000E+00
50,4.3900E+02,8.5100E+02,-2.7838E-01,1.4515E+00,6.5581E+00,-6.6427E+00,-3.9865E-02,-2.5029E-02,-6.6320E-02,4.7080E-02,1.7404E-02,3.5486E-02,0.0000E+00,4.0000E+00,1.2538E-01,0.0000E+00,0.0000E+00,0.0000E+00
51,4.3900E+02,8.5100E+02,-2.8419E-01,1.4610E+00,6.5581E+00,-6.6427E+00,-3.9865E-02,-2.5550E-02,-6.6404E-02,4.8136E-02,1.7816E-02,3.4730E-02,0.0000E+00,4.0000E+00,1.2835E-01,0.0000E+00,0.0000E+00,0.0000E+00
52,4.3900E+02,8.5100E+02,-2.8129E-01,1.4463E+00,6.5581E+00,-6.6427E+00,-3.9865E-02,-2.5179E-02,-6.6517E-02,4.9272E-02,1.7528E-02,3.4991E-02,0.0000E+00,4.0000E+00,1.2627E-01,0.0000E+00,0.0000E+00,0.0000E+00
53,4.3900E+02,8.5100E+02,-2.8375E-01,1.4454E+00,6.5581E+00,-6.6427E+00,-3.9865E-02,-2.5855E-02,-6.5950E-02,4.3582E-02,1.8164E-02,3.6304E-02,0.0000E+00,4.0000E+00,1.3086E-01,0.0000E+00,0.0000E+00,0.0000E+00
54,4.3900E+02,8.5100E+02,-2.8154E-01,1.4580E+00,6.5581E+00,-6.6427E+00,-3.9865E-02,-2.6123E-02,-6.5661E-02,3.6669E-02,1.7518E-02,3.4733E-02,0.0000E+00,4.0000E+00,1.2620E-01,0.0000E+00,0.0000E+00,0.0000E+00
55,4.3900E+02,8.5100E+02,-2.8954E-01,1.4672E+00,6.5581E+00,-6.6427E+00,-3.9865E-02,-2.6448E-02,-6.6610E-02,4.3593E-02,1.7090E-02,3.5554E-02,0.0000E+00,4.0000E+00,1.2312E-01,0.0000E+00,0.0000E+00,0.0000E+00
56,4.3900E+02,8.5100E+02,-2.8379E-01,1.6856E+00,6.5581E+00,-6.6427E+00,-3.9865E-02,-2.5905E-02,-7.4350E-02,4.1082E-02,1.6966E-02,3.3878E-02,0.0000E+00,4.0000E+00,1.2222E-01,0.0000E+00,0.0000E+00,0.0000E+00
57,4.3900E+02,8.5100E+02,-2.8446E-01,1.5488E+00,6.5581E+00,-6.6427E+00,-3.9865E-02,-2.5782E-02,-6.9878E-02,4.4797E-02,1.7163E-02,3.4737E-02,0.0000E+00,4.0000E+00,1.2364E-01,0.0000E+00,0.0000E+00,0.0000E+00
58,4.3900E+02,8.5100E+02,-2.8095E-01,1.4398E+00,6.5581E+00,-6.6427E+00,-3.9865E-02,-2.5611E-02,-6.6003E-02,4.3031E-02,1.7362E-02,3.5711E-02,0.0000E+00,4.0000E+00,1.2508E-01,0.0000E+00,0.0000E+00,0.0000E+00
59,4.3900E+02,8.5100E+02,-2.9186E-01,1.5619E+00,6.5581E+00,-6.6427E+00,-3.9865E-02,-2.6499E-02,-7.0181E-02,4.5462E-02,1.6718E-02,3.6050E-02,0.0000E+00,4.0000E+00,1.2044E-01,0.0000E+00,0.0000E+00,0.0000E+00
60,4.3900E+02,8.5100E+02,-2.9199E-01,1.5290E+00,6.5581E+00,-6.6427E+00,-3.9865E-02,-2.7231E-02,-6.9240E-02,3.6166E-02,1.7491E-02,3.5560E-02,0.0000E+00,4.0000E+00,1.2601E-01,0.0000E+00,0.0000E+00,0.0000E+00
61,4.3900E+02,8.5100E+02,-2.9644E-01,1.5090E+00,6.5581E+00,-6.6427E+00,-3.9865E-02,-2.7006E-02,-6.9386E-02,4.5724E-02,1.6089E-02,3.6114E-02,0.0000E+00,4.0000E+00,1.1591E-01,0.0000E+00,0.0000E+00,0.0000E+00
