FRAME,COORDINATE_X,COORDINATE_Y,DISPLACEMENT_X,DISPLACEMENT_Y,MODEL_COORDINATES_X,MODEL_COORDINATES_Y,MODEL_COORDINATES_Z,MODEL_DISPLACEMENT_X,MODEL_DISPLACEMENT_Y,MODEL_DISPLACEMENT_Z,SIGMA,GAMMA,BETA,STATUS_FLAG,UNCERTAINTY,VSG_STRAIN_XX,VSG_STRAIN_YY,VSG_STRAIN_XY
0,2.9500E+02,9.4300E+02,1.8051E-03,8.2113E-03,4.2008E+01,1.2682E+01,-1.4435E-01,4.6179E-05,4.4136E-04,-2.3803E-03,2.3738E-02,2.7647E-02,0.0000E+00,4.0000E+00,8.6299E-02,0.0000E+00,0.0000E+00,0.0000E+00
1,2.9500E+02,9.4300E+02,1.3050E-01,-2.6086E-01,4.2008E+01,1.2682E+01,-1.4435E-01,-1.5092E-02,-1.2390E-02,5.1110E-04,2.5077E-02,2.3897E-02,0.0000E+00,4.0000E+00,9.1165E-02,0.0000E+00,0.0000E+00,0.0000E+00
2,2.9500E+02,9.4300E+02,-3.0020E-01,7.6773E-01,4.2008E+01,1.2682E+01,-1.4435E-01,3.5658E-02,3.7791E-02,-1.0777E-02,2.3385E-02,2.1730E-02,0.0000E+00,4.0000E+00,8.5015E-02,0.0000E+00,0.0000E+00,0.0000E+00
3,2.9500E+02,9.4300E+02,-9.9947E-02,2.4970E-01,4.2008E+01,1.2682E+01,-1.4435E-01,1.2161E-02,1.5121E-02,-5.1570E-03,2.4561E-02,2.2152E-02,0.0000E+00,4.0000E+00,8.9290E-02,0.0000E+00,0.0000E+00,0.0000E+00
4,2.9500E+02,9.4300E+02,-4.1302E-02,7.1984E-02,4.2008E+01,1.2682E+01,-1.4435E-01,5.3598E-03,8.4989E-03,-3.5172E-03,2.4299E-02,2.6050E-02,0.0000E+00,4.0000E+00,8.8339E-02,0.0000E+00,0.0000E+00,0.0000E+00
5,2.9500E+02,9.4300E+02,1.6326E-02,5.2688E-02,4.2008E+01,1.2682E+01,-1.4435E-01,4.8405E-04,1.8712E-03,-2.2290E-02,2.3202E-02,2.5493E-02,0.0000E+00,4.0000E+00,8.4350E-02,0.0000E+00,0.0000E+00,0.0000E+00
6,2.9500E+02,9.4300E+02,1.1652E-02,1.1592E-01,4.2008E+01,1.2682E+01,-1.4435E-01,-8.8949E-04,5.9862E-03,-5.2768E-03,2.4957E-02,2.5604E-02,0.0000E+00,4.0000E+00,9.0729E-02,0.0000E+00,0.0000E+00,0.0000E+00
7,2.9500E+02,9.4300E+02,1.5772E-02,2.6644E-02,4.2008E+01,1.2682E+01,-1.4435E-01,-2.5586E-03,2.1019E-03,6.3689E-03,2.4941E-02,2.5714E-02,0.0000E+00,4.0000E+00,9.0673E-02,0.0000E+00,0.0000E+00,0.0000E+00
8,2.9500E+02,9.4300E+02,-1.6885E-02,1.2867E-01,4.2008E+01,1.2682E+01,-1.4435E-01,5.5774E-04,7.0358E-03,1.1837E-02,2.2713E-02,2.7633E-02,0.0000E+00,4.0000E+00,8.2571E-02,0.0000E+00,0.0000E+00,0.0000E+00
9,2.9500E+02,9.4300E+02,-3.4012E-01,8.7200E-01,4.2008E+01,1.2682E+01,-1.4435E-01,3.8505E-02,4.3436E-02,4.9612E-03,2.6083E-02,2.2222E-02,0.0000E+00,4.0000E+00,9.4824E-02,0.0000E+00,0.0000E+00,0.0000E+00
10,2.9500E+02,9.4300E+02,-3.3931E-01,9.0669E-01,4.2008E+01,1.2682E+01,-1.4435E-01,3.8233E-02,4.5010E-02,6.1898E-03,2.4291E-02,2.2792E-02,0.0000E+00,4.0000E+00,8.8310E-02,0.0000E+00,0.0000E+00,0.0000E+00
11,2.9500E+02,9.4300E+02,6.6483E-01,1.9241E+00,4.2008E+01,1.2682E+01,-1.4435E-01,2.6836E-02,-1.2051E-03,-9.9385E-01,2.5582E-02,2.4885E-02,0.0000E+00,4.0000E+00,9.3004E-02,0.0000E+00,0.0000E+00,0.0000E+00
12,2.9500E+02,9.4300E+02,2.0579E+00,2.1564E+00,4.2008E+01,1.2682E+01,-1.4435E-01,-3.3305E-02,-8.3447E-02,-1.9634E+00,2.5032E-02,2.8363E-02,0.0000E+00,4.0000E+00,9.1004E-02,0.0000E+00,0.0000E+00,0.0000E+00
13,2.9500E+02,9.4300E+02,3.1441E+00,2.3138E+00,4.2008E+01,1.2682E+01,-1.4435E-01,-7.8634E-02,-1.5756E-01,-2.7398E+00,2.4090E-02,2.5883E-02,0.0000E+00,4.0000E+00,8.7580E-02,0.0000E+00,0.0000E+00,0.0000E+00
14,2.9500E+02,9.4300E+02,4.4400E+00,2.4053E+00,4.2008E+01,1.2682E+01,-1.4435E-01,-1.6465E-01,-2.1953E-01,-3.3696E+00,2.2912E-02,2.8891E-02,0.0000E+00,4.0000E+00,8.3297E-02,0.0000E+00,0.0000E+00,0.0000E+00
15,2.9500E+02,9.4300E+02,5.4771E+00,2.5786E+00,4.2008E+01,1.2682E+01,-1.4435E-01,-2.2159E-01,-2.7198E-01,-3.9874E+00,2.5211E-02,3.0815E-02,0.0000E+00,4.0000E+00,9.1653E-02,0.0000E+00,0.0000E+00,0.0000E+00
16,2.9500E+02,9.4300E+02,5.8638E+00,2.9987E+00,4.2008E+01,1.2682E+01,-1.4435E-01,-2.4399E-01,-2.7305E-01,-4.2107E+00,2.2381E-02,3.1917E-02,0.0000E+00,4.0000E+00,8.1367E-02,0.0000E+00,0.0000E+00,0.0000E+00
17,2.9500E+02,9.4300E+02,5.8556E+00,2.9241E+00,4.2008E+01,1.2682E+01,-1.4435E-01,-2.4131E-01,-2.7572E-01,-4.2252E+00,2.2804E-02,3.4181E-02,0.0000E+00,4.0000E+00,8.2905E-02,0.0000E+00,0.0000E+00,0.0000E+00
18,2.9500E+02,9.4300E+02,5.8441E+00,2.9474E+00,4.2008E+01,1.2682E+01,-1.4435E-01,-2.4066E-01,-2.7503E-01,-4.2191E+00,2.2497E-02,3.2351E-02,0.0000E+00,4.0000E+00,8.1789E-02,0.0000E+00,0.0000E+00,0.0000E+00
19,2.9500E+02,9.4300E+02,5.8633E+00,2.9514E+00,4.2008E+01,1.2682E+01,-1.4435E-01,-2.4229E-01,-2.7489E-01,-4.2250E+00,2.3238E-02,3.1508E-02,0.0000E+00,4.0000E+00,8.4483E-02,0.0000E+00,0.0000E+00,0.0000E+00
20,2.9500E+02,9.4300E+02,6.2275E+00,2.0538E+00,4.2008E+01,1.2682E+01,-1.4435E-01,-2.8355E-01,-3.2282E-01,-4.2345E+00,2.3604E-02,3.1626E-02,0.0000E+00,4.0000E+00,8.5811E-02,0.0000E+00,0.0000E+00,0.0000E+00
21,2.9500E+02,9.4300E+02,6.1893E+00,2.1884E+00,4.2008E+01,1.2682E+01,-1.4435E-01,-2.8123E-01,-3.1505E-01,-4.2155E+00,2.4346E-02,3.3401E-02,0.0000E+00,4.0000E+00,8.8508E-02,0.0000E+00,0.0000E+00,0.0000E+00
22,2.9500E+02,9.4300E+02,6.2256E+00,2.0934E+00,4.2008E+01,1.2682E+01,-1.4435E-01,-2.8327E-01,-3.2061E-01,-4.2353E+00,2.5978E-02,3.1487E-02,0.0000E+00,4.0000E+00,9.4442E-02,0.0000E+00,0.0000E+00,0.0000E+00
23,2.9500E+02,9.4300E+02,6.2547E+00,2.0477E+00,4.2008E+01,1.2682E+01,-1.4435E-01,-2.8617E-01,-3.2219E-01,-4.2396E+00,2.3761E-02,3.1240E-02,0.0000E+00,4.0000E+00,8.6383E-02,0.0000E+00,0.0000E+00,0.0000E+00
24,2.9500E+02,9.4300E+02,6.2223E+00,2.0782E+00,4.2008E+01,1.2682E+01,-1.4435E-01,-2.8570E-01,-3.1995E-01,-4.2090E+00,2.4229E-02,3.0921E-02,0.0000E+00,4.0000E+00,8.8083E-02,0.0000E+00,0.0000E+00,0.0000E+00
25,2.9500E+02,9.4300E+02,6.2314E+00,2.1224E+00,4.2008E+01,1.2682E+01,-1.4435E-01,-2.8416E-01,-3.1834E-01,-4.2335E+00,2.3051E-02,3.1844E-02,0.0000E+00,4.0000E+00,8.3800E-02,0.0000E+00,0.0000E+00,0.0000E+00
26,2.9500E+02,9.4300E+02,6.3476E+00,1.7159E+00,4.2008E+01,1.2682E+01,-1.4435E-01,-2.9969E-01,-3.3832E-01,-4.2135E+00,2.2691E-02,3.1175E-02,0.0000E+00,4.0000E+00,8.2493E-02,0.0000E+00,0.0000E+00,0.0000E+00
