FRAME,COORDINATE_X,COORDINATE_Y,DISPLACEMENT_X,DISPLACEMENT_Y,MODEL_COORDINATES_X,MODEL_COORDINATES_Y,MODEL_COORDINATES_Z,MODEL_DISPLACEMENT_X,MODEL_DISPLACEMENT_Y,MODEL_DISPLACEMENT_Z,SIGMA,GAMMA,BETA,STATUS_FLAG,UNCERTAINTY,VSG_STRAIN_XX,VSG_STRAIN_YY,VSG_STRAIN_XY
0,2.9500E+02,8.1900E+02,9.4897E-04,4.4783E-02,4.2086E+01,5.3306E+00,-1.2245E-01,-1.8117E-03,3.1384E-03,1.5056E-02,2.2133E-02,2.5151E-02,0.0000E+00,4.0000E+00,7.6761E-02,0.0000E+00,0.0000E+00,0.0000E+00
1,2.9500E+02,8.1900E+02,1.4347E-01,-2.3637E-01,4.2086E+01,5.3306E+00,-1.2245E-01,-1.8099E-02,-1.0111E-02,1.3529E-02,2.1530E-02,2.3395E-02,0.0000E+00,4.0000E+00,7.4669E-02,0.0000E+00,0.0000E+00,0.0000E+00
2,2.9500E+02,8.1900E+02,-2.9570E-01,7.7426E-01,4.2086E+01,5.3306E+00,-1.2245E-01,3.3050E-02,4.0133E-02,9.1558E-03,2.1582E-02,2.2884E-02,0.0000E+00,4.0000E+00,7.4849E-02,0.0000E+00,0.0000E+00,0.0000E+00
3,2.9500E+02,8.1900E+02,-6.6196E-02,3.2293E-01,4.2086E+01,5.3306E+00,-1.2245E-01,4.9828E-03,1.9253E-02,2.3185E-02,1.9648E-02,2.1104E-02,0.0000E+00,4.0000E+00,6.8145E-02,0.0000E+00,0.0000E+00,0.0000E+00
4,2.9500E+02,8.1900E+02,-3.7170E-02,1.7837E-01,4.2086E+01,5.3306E+00,-1.2245E-01,7.6056E-04,1.3139E-02,3.2074E-02,2.3513E-02,2.2604E-02,0.0000E+00,4.0000E+00,8.1547E-02,0.0000E+00,0.0000E+00,0.0000E+00
5,2.9500E+02,8.1900E+02,-1.4278E-02,3.4441E-02,4.2086E+01,5.3306E+00,-1.2245E-01,-1.8805E-03,8.0826E-03,3.3671E-02,2.1219E-02,2.4633E-02,0.0000E+00,4.0000E+00,7.3591E-02,0.0000E+00,0.0000E+00,0.0000E+00
6,2.9500E+02,8.1900E+02,1.5837E-02,1.6381E-01,4.2086E+01,5.3306E+00,-1.2245E-01,-4.0184E-03,8.0600E-03,1.7651E-02,2.3445E-02,2.4184E-02,0.0000E+00,4.0000E+00,8.1312E-02,0.0000E+00,0.0000E+00,0.0000E+00
7,2.9500E+02,8.1900E+02,3.3188E-02,1.0646E-01,4.2086E+01,5.3306E+00,-1.2245E-01,-4.6127E-03,6.7020E-03,5.7928E-03,2.4369E-02,2.3940E-02,0.0000E+00,4.0000E+00,8.4516E-02,0.0000E+00,0.0000E+00,0.0000E+00
8,2.9500E+02,8.1900E+02,-1.5755E-02,1.2721E-01,4.2086E+01,5.3306E+00,-1.2245E-01,-1.8649E-03,1.0831E-02,3.3559E-02,2.4405E-02,2.1701E-02,0.0000E+00,4.0000E+00,8.4640E-02,0.0000E+00,0.0000E+00,0.0000E+00
9,2.9500E+02,8.1900E+02,-3.1520E-01,9.5780E-01,4.2086E+01,5.3306E+00,-1.2245E-01,3.5751E-02,4.7358E-02,3.2060E-03,2.1462E-02,2.2422E-02,0.0000E+00,4.0000E+00,7.4435E-02,0.0000E+00,0.0000E+00,0.0000E+00
10,2.9500E+02,8.1900E+02,-3.4687E-01,9.7258E-01,4.2086E+01,5.3306E+00,-1.2245E-01,3.7304E-02,4.8693E-02,2.2671E-02,2.3648E-02,2.1784E-02,0.0000E+00,4.0000E+00,8.2016E-02,0.0000E+00,0.0000E+00,0.0000E+00
11,2.9500E+02,8.1900E+02,3.8524E-01,1.8335E+00,4.2086E+01,5.3306E+00,-1.2245E-01,2.7162E-02,1.6860E-02,-6.8999E-01,2.1838E-02,2.2132E-02,0.0000E+00,4.0000E+00,7.5737E-02,0.0000E+00,0.0000E+00,0.0000E+00
12,2.9500E+02,8.1900E+02,1.2834E+00,2.3007E+00,4.2086E+01,5.3306E+00,-1.2245E-01,-1.5732E-02,-2.6797E-02,-1.2807E+00,2.3136E-02,2.1141E-02,0.0000E+00,4.0000E+00,8.0240E-02,0.0000E+00,0.0000E+00,0.0000E+00
13,2.9500E+02,8.1900E+02,1.9582E+00,2.5873E+00,4.2086E+01,5.3306E+00,-1.2245E-01,-4.4957E-02,-6.2676E-02,-1.7521E+00,2.5598E-02,2.3358E-02,0.0000E+00,4.0000E+00,8.8780E-02,0.0000E+00,0.0000E+00,0.0000E+00
14,2.9500E+02,8.1900E+02,2.9414E+00,2.9910E+00,4.2086E+01,5.3306E+00,-1.2245E-01,-1.1857E-01,-8.4667E-02,-2.1519E+00,2.0846E-02,2.3827E-02,0.0000E+00,4.0000E+00,7.2299E-02,0.0000E+00,0.0000E+00,0.0000E+00
15,2.9500E+02,8.1900E+02,3.6432E+00,3.4641E+00,4.2086E+01,5.3306E+00,-1.2245E-01,-1.5944E-01,-1.0233E-01,-2.5487E+00,2.0488E-02,2.4981E-02,0.0000E+00,4.0000E+00,7.1055E-02,0.0000E+00,0.0000E+00,0.0000E+00
16,2.9500E+02,8.1900E+02,3.9507E+00,4.0264E+00,4.2086E+01,5.3306E+00,-1.2245E-01,-1.7987E-01,-8.8485E-02,-2.7021E+00,2.2287E-02,2.6687E-02,0.0000E+00,4.0000E+00,7.7297E-02,0.0000E+00,0.0000E+00,0.0000E+00
17,2.9500E+02,8.1900E+02,3.9410E+00,3.9867E+00,4.2086E+01,5.3306E+00,-1.2245E-01,-1.7934E-01,-8.8947E-02,-2.6957E+00,2.2230E-02,2.7798E-02,0.0000E+00,4.0000E+00,7.7099E-02,0.0000E+00,0.0000E+00,0.0000E+00
18,2.9500E+02,8.1900E+02,3.9553E+00,3.9706E+00,4.2086E+01,5.3306E+00,-1.2245E-01,-1.7942E-01,-9.0776E-02,-2.7103E+00,2.0764E-02,3.0168E-02,0.0000E+00,4.0000E+00,7.2013E-02,0.0000E+00,0.0000E+00,0.0000E+00
19,2.9500E+02,8.1900E+02,3.9273E+00,4.0235E+00,4.2086E+01,5.3306E+00,-1.2245E-01,-1.7679E-01,-8.8640E-02,-2.7048E+00,2.1837E-02,2.8959E-02,0.0000E+00,4.0000E+00,7.5734E-02,0.0000E+00,0.0000E+00,0.0000E+00
20,2.9500E+02,8.1900E+02,4.3027E+00,3.1386E+00,4.2086E+01,5.3306E+00,-1.2245E-01,-2.1944E-01,-1.3667E-01,-2.7138E+00,2.0871E-02,3.1426E-02,0.0000E+00,4.0000E+00,7.2383E-02,0.0000E+00,0.0000E+00,0.0000E+00
21,2.9500E+02,8.1900E+02,4.2693E+00,3.2902E+00,4.2086E+01,5.3306E+00,-1.2245E-01,-2.1517E-01,-1.2758E-01,-2.7176E+00,2.3717E-02,2.7467E-02,0.0000E+00,4.0000E+00,8.2255E-02,0.0000E+00,0.0000E+00,0.0000E+00
22,2.9500E+02,8.1900E+02,4.2808E+00,3.1972E+00,4.2086E+01,5.3306E+00,-1.2245E-01,-2.1615E-01,-1.3278E-01,-2.7203E+00,2.2712E-02,2.6693E-02,0.0000E+00,4.0000E+00,7.8769E-02,0.0000E+00,0.0000E+00,0.0000E+00
23,2.9500E+02,8.1900E+02,4.3090E+00,3.1395E+00,4.2086E+01,5.3306E+00,-1.2245E-01,-2.1952E-01,-1.3355E-01,-2.7188E+00,2.2565E-02,3.0288E-02,0.0000E+00,4.0000E+00,7.8259E-02,0.0000E+00,0.0000E+00,0.0000E+00
24,2.9500E+02,8.1900E+02,4.2762E+00,3.2155E+00,4.2086E+01,5.3306E+00,-1.2245E-01,-2.1682E-01,-1.3228E-01,-2.7098E+00,2.2783E-02,3.0264E-02,0.0000E+00,4.0000E+00,7.9015E-02,0.0000E+00,0.0000E+00,0.0000E+00
25,2.9500E+02,8.1900E+02,4.3057E+00,3.1439E+00,4.2086E+01,5.3306E+00,-1.2245E-01,-2.1764E-01,-1.3547E-01,-2.7330E+00,2.1486E-02,2.8616E-02,0.0000E+00,4.0000E+00,7.4519E-02,0.0000E+00,0.0000E+00,0.0000E+00
26,2.9500E+02,8.1900E+02,4.4328E+00,2.7815E+00,4.2086E+01,5.3306E+00,-1.2245E-01,-2.3433E-01,-1.5502E-01,-2.7153E+00,2.1505E-02,2.7050E-02,0.0000E+00,4.0000E+00,7.4585E-02,0.0000E+00,0.0000E+00,0.0000E+00
