FRAME,COORDINATE_X,COORDINATE_Y,DISPLACEMENT_X,DISPLACEMENT_Y,MODEL_COORDINATES_X,MODEL_COORDINATES_Y,MODEL_COORDINATES_Z,MODEL_DISPLACEMENT_X,MODEL_DISPLACEMENT_Y,MODEL_DISPLACEMENT_Z,SIGMA,GAMMA,BETA,STATUS_FLAG,UNCERTAINTY,VSG_STRAIN_XX,VSG_STRAIN_YY,VSG_STRAIN_XY
0,4.5000E+02,1.1290E+03,2.2128E-02,-7.6524E-02,2.3823E+01,2.3609E+01,1.0369E-01,-1.6716E-03,-3.2571E-03,-1.0404E-02,2.1943E-02,2.7649E-02,0.0000E+00,4.0000E+00,8.1161E-02,0.0000E+00,0.0000E+00,0.0000E+00
1,4.5000E+02,1.1290E+03,1.5708E-01,-3.4715E-01,2.3823E+01,2.3609E+01,1.0369E-01,-1.8039E-02,-1.6284E-02,1.7632E-03,2.3054E-02,2.5221E-02,0.0000E+00,4.0000E+00,8.5272E-02,0.0000E+00,0.0000E+00,0.0000E+00
2,4.5000E+02,1.1290E+03,-2.9541E-01,6.5691E-01,2.3823E+01,2.3609E+01,1.0369E-01,3.4170E-02,3.3564E-02,-4.6587E-03,2.5236E-02,2.2340E-02,0.0000E+00,4.0000E+00,9.3341E-02,0.0000E+00,0.0000E+00,0.0000E+00
3,4.5000E+02,1.1290E+03,-8.6048E-02,1.7723E-01,2.3823E+01,2.3609E+01,1.0369E-01,9.7688E-03,1.2464E-02,3.3497E-03,2.3513E-02,2.4858E-02,0.0000E+00,4.0000E+00,8.6967E-02,0.0000E+00,0.0000E+00,0.0000E+00
4,4.5000E+02,1.1290E+03,-2.1986E-02,-1.4204E-02,2.3823E+01,2.3609E+01,1.0369E-01,2.1143E-03,3.6235E-03,8.5271E-03,2.6408E-02,2.8408E-02,0.0000E+00,4.0000E+00,9.7675E-02,0.0000E+00,0.0000E+00,0.0000E+00
5,4.5000E+02,1.1290E+03,1.8170E-02,-8.1289E-02,2.3823E+01,2.3609E+01,1.0369E-01,-1.8639E-03,5.8871E-04,6.8989E-04,2.3045E-02,2.8363E-02,0.0000E+00,4.0000E+00,8.5239E-02,0.0000E+00,0.0000E+00,0.0000E+00
6,4.5000E+02,1.1290E+03,1.5903E-02,-2.4082E-02,2.3823E+01,2.3609E+01,1.0369E-01,-1.5468E-03,1.4403E-04,-2.6964E-03,2.3550E-02,2.8352E-02,0.0000E+00,4.0000E+00,8.7106E-02,0.0000E+00,0.0000E+00,0.0000E+00
7,4.5000E+02,1.1290E+03,4.9921E-03,-5.4498E-02,2.3823E+01,2.3609E+01,1.0369E-01,-2.2165E-03,-8.1340E-05,2.3253E-02,2.5275E-02,2.7339E-02,0.0000E+00,4.0000E+00,9.3485E-02,0.0000E+00,0.0000E+00,0.0000E+00
8,4.5000E+02,1.1290E+03,-3.8969E-03,2.6335E-02,2.3823E+01,2.3609E+01,1.0369E-01,-1.1864E-03,2.5055E-03,2.1583E-02,2.4832E-02,2.6572E-02,0.0000E+00,4.0000E+00,9.1848E-02,0.0000E+00,0.0000E+00,0.0000E+00
9,4.5000E+02,1.1290E+03,-3.1366E-01,7.7680E-01,2.3823E+01,2.3609E+01,1.0369E-01,3.5989E-02,3.6566E-02,-3.8433E-03,2.3938E-02,2.3843E-02,0.0000E+00,4.0000E+00,8.8541E-02,0.0000E+00,0.0000E+00,0.0000E+00
10,4.5000E+02,1.1290E+03,-3.1442E-01,7.6105E-01,2.3823E+01,2.3609E+01,1.0369E-01,3.6089E-02,3.8383E-02,-2.1978E-03,2.3184E-02,2.3925E-02,0.0000E+00,4.0000E+00,8.5752E-02,0.0000E+00,0.0000E+00,0.0000E+00
11,4.5000E+02,1.1290E+03,4.9822E-01,1.6742E+00,2.3823E+01,2.3609E+01,1.0369E-01,2.9938E-02,-1.5070E-02,-1.2067E+00,2.3744E-02,2.2347E-02,0.0000E+00,4.0000E+00,8.7822E-02,0.0000E+00,0.0000E+00,0.0000E+00
12,4.5000E+02,1.1290E+03,1.6110E+00,1.9286E+00,2.3823E+01,2.3609E+01,1.0369E-01,-1.0266E-02,-9.8383E-02,-2.4202E+00,2.3151E-02,2.6882E-02,0.0000E+00,4.0000E+00,8.5628E-02,0.0000E+00,0.0000E+00,0.0000E+00
13,4.5000E+02,1.1290E+03,2.4563E+00,2.1027E+00,2.3823E+01,2.3609E+01,1.0369E-01,-2.9342E-02,-1.8294E-01,-3.5082E+00,2.3115E-02,2.6359E-02,0.0000E+00,4.0000E+00,8.5495E-02,0.0000E+00,0.0000E+00,0.0000E+00
14,4.5000E+02,1.1290E+03,3.5731E+00,2.2134E+00,2.3823E+01,2.3609E+01,1.0369E-01,-8.9241E-02,-2.5410E-01,-4.4719E+00,2.3515E-02,2.7642E-02,0.0000E+00,4.0000E+00,8.6974E-02,0.0000E+00,0.0000E+00,0.0000E+00
15,4.5000E+02,1.1290E+03,4.3565E+00,2.4334E+00,2.3823E+01,2.3609E+01,1.0369E-01,-1.2061E-01,-3.1500E-01,-5.3029E+00,2.4481E-02,2.9309E-02,0.0000E+00,4.0000E+00,9.0549E-02,0.0000E+00,0.0000E+00,0.0000E+00
16,4.5000E+02,1.1290E+03,4.6468E+00,2.7476E+00,2.3823E+01,2.3609E+01,1.0369E-01,-1.2990E-01,-3.2644E-01,-5.6445E+00,2.1223E-02,3.0624E-02,0.0000E+00,4.0000E+00,7.8497E-02,0.0000E+00,0.0000E+00,0.0000E+00
17,4.5000E+02,1.1290E+03,4.6549E+00,2.7638E+00,2.3823E+01,2.3609E+01,1.0369E-01,-1.3108E-01,-3.2424E-01,-5.6408E+00,2.1985E-02,3.1039E-02,0.0000E+00,4.0000E+00,8.1315E-02,0.0000E+00,0.0000E+00,0.0000E+00
18,4.5000E+02,1.1290E+03,4.6494E+00,2.7387E+00,2.3823E+01,2.3609E+01,1.0369E-01,-1.2949E-01,-3.2742E-01,-5.6542E+00,2.1101E-02,3.0491E-02,0.0000E+00,4.0000E+00,7.8046E-02,0.0000E+00,0.0000E+00,0.0000E+00
19,4.5000E+02,1.1290E+03,4.6511E+00,2.7290E+00,2.3823E+01,2.3609E+01,1.0369E-01,-1.2951E-01,-3.2673E-01,-5.6556E+00,2.2650E-02,3.0791E-02,0.0000E+00,4.0000E+00,8.3778E-02,0.0000E+00,0.0000E+00,0.0000E+00
20,4.5000E+02,1.1290E+03,4.9911E+00,1.9442E+00,2.3823E+01,2.3609E+01,1.0369E-01,-1.7085E-01,-3.6819E-01,-5.6298E+00,2.0542E-02,3.2539E-02,0.0000E+00,4.0000E+00,7.5980E-02,0.0000E+00,0.0000E+00,0.0000E+00
21,4.5000E+02,1.1290E+03,4.9807E+00,1.9527E+00,2.3823E+01,2.3609E+01,1.0369E-01,-1.6876E-01,-3.6509E-01,-5.6396E+00,2.0238E-02,3.3754E-02,0.0000E+00,4.0000E+00,7.4857E-02,0.0000E+00,0.0000E+00,0.0000E+00
22,4.5000E+02,1.1290E+03,5.0103E+00,1.8895E+00,2.3823E+01,2.3609E+01,1.0369E-01,-1.7087E-01,-3.6586E-01,-5.6552E+00,2.0880E-02,3.3908E-02,0.0000E+00,4.0000E+00,7.7231E-02,0.0000E+00,0.0000E+00,0.0000E+00
23,4.5000E+02,1.1290E+03,5.0208E+00,1.8351E+00,2.3823E+01,2.3609E+01,1.0369E-01,-1.7279E-01,-3.6977E-01,-5.6464E+00,1.9492E-02,3.1318E-02,0.0000E+00,4.0000E+00,7.2097E-02,0.0000E+00,0.0000E+00,0.0000E+00
24,4.5000E+02,1.1290E+03,5.0144E+00,1.9120E+00,2.3823E+01,2.3609E+01,1.0369E-01,-1.7177E-01,-3.6747E-01,-5.6516E+00,2.0914E-02,3.1815E-02,0.0000E+00,4.0000E+00,7.7356E-02,0.0000E+00,0.0000E+00,0.0000E+00
25,4.5000E+02,1.1290E+03,5.0192E+00,1.8838E+00,2.3823E+01,2.3609E+01,1.0369E-01,-1.7236E-01,-3.7047E-01,-5.6521E+00,2.0371E-02,3.2963E-02,0.0000E+00,4.0000E+00,7.5348E-02,0.0000E+00,0.0000E+00,0.0000E+00
26,4.5000E+02,1.1290E+03,5.1360E+00,1.6116E+00,2.3823E+01,2.3609E+01,1.0369E-01,-1.8591E-01,-3.8081E-01,-5.6491E+00,2.2237E-02,3.0806E-02,0.0000E+00,4.0000E+00,8.2248E-02,0.0000E+00,0.0000E+00,0.0000E+00
