FRAME,COORDINATE_X,COORDINATE_Y,DISPLACEMENT_X,DISPLACEMENT_Y,MODEL_COORDINATES_X,MODEL_COORDINATES_Y,MODEL_COORDINATES_Z,MODEL_DISPLACEMENT_X,MODEL_DISPLACEMENT_Y,MODEL_DISPLACEMENT_Z,SIGMA,GAMMA,BETA,STATUS_FLAG,UNCERTAINTY,VSG_STRAIN_XX,VSG_STRAIN_YY,VSG_STRAIN_XY
0,5.2000E+02,4.8000E+02,-4.6082E-02,-3.0472E-03,1.0223E+00,-5.5833E+01,3.5456E+02,-1.6383E-02,1.8618E-03,-4.0057E-02,2.4783E-02,3.4433E-02,0.0000E+00,4.0000E+00,7.2061E-01,0.0000E+00,0.0000E+00,0.0000E+00
1,5.2000E+02,4.8000E+02,-3.6703E-02,-7.1271E-02,1.0223E+00,-5.5833E+01,3.5456E+02,-1.2670E-02,-3.9239E-03,-3.7866E-02,2.4417E-02,4.6082E-02,0.0000E+00,4.0000E+00,7.0997E-01,0.0000E+00,0.0000E+00,0.0000E+00
2,5.2000E+02,4.8000E+02,1.7770E-02,5.3337E-02,1.0223E+00,-5.5833E+01,3.5456E+02,6.3082E-03,-2.0238E-03,6.6999E-02,2.5830E-02,3.6584E-02,0.0000E+00,4.0000E+00,7.5104E-01,0.0000E+00,0.0000E+00,0.0000E+00
3,5.2000E+02,4.8000E+02,-1.6210E-02,7.1169E-03,1.0223E+00,-5.5833E+01,3.5456E+02,-5.7217E-03,7.1962E-04,-4.2586E-03,2.4164E-02,3.1119E-02,0.0000E+00,4.0000E+00,7.0262E-01,0.0000E+00,0.0000E+00,0.0000E+00
4,5.2000E+02,4.8000E+02,-3.7171E-02,-1.9469E-02,1.0223E+00,-5.5833E+01,3.5456E+02,-1.2948E-02,1.8188E-03,-2.9715E-02,2.4793E-02,3.3456E-02,0.0000E+00,4.0000E+00,7.2090E-01,0.0000E+00,0.0000E+00,0.0000E+00
5,5.2000E+02,4.8000E+02,-1.5618E-04,3.4351E-02,1.0223E+00,-5.5833E+01,3.5456E+02,4.7951E-05,-1.5229E-03,4.5136E-02,2.5269E-02,3.4292E-02,0.0000E+00,4.0000E+00,7.3474E-01,0.0000E+00,0.0000E+00,0.0000E+00
6,5.2000E+02,4.8000E+02,-1.0658E-02,3.2020E-02,1.0223E+00,-5.5833E+01,3.5456E+02,-3.7651E-03,9.7657E-04,1.8451E-02,2.4950E-02,2.7440E-02,0.0000E+00,4.0000E+00,7.2547E-01,0.0000E+00,0.0000E+00,0.0000E+00
7,5.2000E+02,4.8000E+02,-1.9286E-02,1.0778E-02,1.0223E+00,-5.5833E+01,3.5456E+02,-6.6570E-03,1.7688E-03,3.1668E-03,2.4444E-02,3.2296E-02,0.0000E+00,4.0000E+00,7.1075E-01,0.0000E+00,0.0000E+00,0.0000E+00
8,5.2000E+02,4.8000E+02,-5.9977E-03,2.4630E-02,1.0223E+00,-5.5833E+01,3.5456E+02,-1.9195E-03,-1.2281E-04,3.3892E-02,2.4854E-02,2.9057E-02,0.0000E+00,4.0000E+00,7.2268E-01,0.0000E+00,0.0000E+00,0.0000E+00
9,5.2000E+02,4.8000E+02,-1.2452E-02,1.6238E-02,1.0223E+00,-5.5833E+01,3.5456E+02,-4.3243E-03,1.1837E-03,8.0909E-03,2.4691E-02,2.8233E-02,0.0000E+00,4.0000E+00,7.1792E-01,0.0000E+00,0.0000E+00,0.0000E+00
10,5.2000E+02,4.8000E+02,-9.1050E-03,2.0741E-02,1.0223E+00,-5.5833E+01,3.5456E+02,-3.2025E-03,-8.0929E-04,1.9235E-02,2.4739E-02,2.7433E-02,0.0000E+00,4.0000E+00,7.1934E-01,0.0000E+00,0.0000E+00,0.0000E+00
11,5.2000E+02,4.8000E+02,-3.5014E-02,1.2886E-01,1.0223E+00,-5.5833E+01,3.5456E+02,-1.2041E-02,2.0683E-02,1.6889E-02,2.5229E-02,6.2438E-01,0.0000E+00,4.0000E+00,7.3357E-01,0.0000E+00,0.0000E+00,0.0000E+00
12,5.2000E+02,4.8000E+02,-3.2597E-02,1.5524E-01,1.0223E+00,-5.5833E+01,3.5456E+02,-1.0913E-02,2.8068E-02,2.3737E-02,2.4603E-02,5.2008E-02,0.0000E+00,4.0000E+00,7.1538E-01,0.0000E+00,0.0000E+00,0.0000E+00
13,5.2000E+02,4.8000E+02,-3.7856E-02,1.1748E-01,1.0223E+00,-5.5833E+01,3.5456E+02,-1.2594E-02,2.2821E-02,2.7571E-02,2.4704E-02,6.2651E-01,0.0000E+00,4.0000E+00,7.1832E-01,0.0000E+00,0.0000E+00,0.0000E+00
14,5.2000E+02,4.8000E+02,-3.0240E-02,1.5314E-01,1.0223E+00,-5.5833E+01,3.5456E+02,-1.0333E-02,2.2949E-02,3.0452E-02,2.4471E-02,5.3381E-02,0.0000E+00,4.0000E+00,7.1155E-01,0.0000E+00,0.0000E+00,0.0000E+00
15,5.2000E+02,4.8000E+02,-4.2035E-02,1.3295E-01,1.0223E+00,-5.5833E+01,3.5456E+02,-1.4459E-02,2.2162E-02,1.4410E-02,2.5135E-02,4.1858E-01,0.0000E+00,4.0000E+00,7.3086E-01,0.0000E+00,0.0000E+00,0.0000E+00
16,5.2000E+02,4.8000E+02,-3.6566E-02,1.2399E-01,1.0223E+00,-5.5833E+01,3.5456E+02,-1.2211E-02,2.4279E-02,2.1191E-02,2.4167E-02,5.1155E-02,0.0000E+00,4.0000E+00,7.0268E-01,0.0000E+00,0.0000E+00,0.0000E+00
17,5.2000E+02,4.8000E+02,-3.5246E-02,1.5550E-01,1.0223E+00,-5.5833E+01,3.5456E+02,-1.2233E-02,2.2049E-02,2.5396E-02,2.4387E-02,6.0456E-02,0.0000E+00,4.0000E+00,7.0908E-01,0.0000E+00,0.0000E+00,0.0000E+00
18,5.2000E+02,4.8000E+02,-3.6898E-02,1.3667E-01,1.0223E+00,-5.5833E+01,3.5456E+02,-1.2571E-02,2.3554E-02,1.8267E-02,2.4378E-02,5.5950E-02,0.0000E+00,4.0000E+00,7.0883E-01,0.0000E+00,0.0000E+00,0.0000E+00
19,5.2000E+02,4.8000E+02,-2.4897E-02,1.2158E-01,1.0223E+00,-5.5833E+01,3.5456E+02,-8.2675E-03,1.9143E-02,3.7229E-02,2.5135E-02,6.2061E-01,0.0000E+00,4.0000E+00,7.3085E-01,0.0000E+00,0.0000E+00,0.0000E+00
20,5.2000E+02,4.8000E+02,-3.9431E-02,1.4323E-01,1.0223E+00,-5.5833E+01,3.5456E+02,-1.3644E-02,2.1816E-02,1.8756E-02,2.4495E-02,5.6401E-02,0.0000E+00,4.0000E+00,7.1223E-01,0.0000E+00,0.0000E+00,0.0000E+00
21,5.2000E+02,4.8000E+02,-3.6252E-02,1.3383E-01,1.0223E+00,-5.5833E+01,3.5456E+02,-1.2217E-02,2.3649E-02,2.4664E-02,2.4591E-02,5.1408E-02,0.0000E+00,4.0000E+00,7.1503E-01,0.0000E+00,0.0000E+00,0.0000E+00
22,5.2000E+02,4.8000E+02,-2.8057E-02,1.5687E-01,1.0223E+00,-5.5833E+01,3.5456E+02,-9.5831E-03,2.3068E-02,3.2592E-02,2.4237E-02,5.2544E-02,0.0000E+00,4.0000E+00,7.0473E-01,0.0000E+00,0.0000E+00,0.0000E+00
23,5.2000E+02,4.8000E+02,-3.4042E-02,1.4500E-01,1.0223E+00,-5.5833E+01,3.5456E+02,-1.1721E-02,2.1995E-02,2.3228E-02,2.4245E-02,5.0248E-02,0.0000E+00,4.0000E+00,7.0497E-01,0.0000E+00,0.0000E+00,0.0000E+00
24,5.2000E+02,4.8000E+02,-3.3966E-02,1.2872E-01,1.0223E+00,-5.5833E+01,3.5456E+02,-1.1398E-02,2.3751E-02,2.1515E-02,2.4399E-02,5.0288E-02,0.0000E+00,4.0000E+00,7.0943E-01,0.0000E+00,0.0000E+00,0.0000E+00
25,5.2000E+02,4.8000E+02,-4.1126E-02,1.5730E-01,1.0223E+00,-5.5833E+01,3.5456E+02,-1.4288E-02,2.3067E-02,2.0817E-02,2.4660E-02,5.8298E-02,0.0000E+00,4.0000E+00,7.1702E-01,0.0000E+00,0.0000E+00,0.0000E+00
26,5.2000E+02,4.8000E+02,-3.9682E-02,1.3926E-01,1.0223E+00,-5.5833E+01,3.5456E+02,-1.3526E-02,2.3696E-02,2.0619E-02,2.4753E-02,5.4349E-02,0.0000E+00,4.0000E+00,7.1973E-01,0.0000E+00,0.0000E+00,0.0000E+00
27,5.2000E+02,4.8000E+02,-3.4994E-02,1.3716E-01,1.0223E+00,-5.5833E+01,3.5456E+02,-1.1848E-02,2.4180E-02,1.9981E-02,2.4184E-02,5.2228E-02,0.0000E+00,4.0000E+00,7.0321E-01,0.0000E+00,0.0000E+00,0.0000E+00
28,5.2000E+02,4.8000E+02,-4.0854E-02,1.3275E-01,1.0223E+00,-5.5833E+01,3.5456E+02,-1.3998E-02,2.1607E-02,2.0738E-02,2.4489E-02,5.3381E-02,0.0000E+00,4.0000E+00,7.1207E-01,0.0000E+00,0.0000E+00,0.0000E+00
29,5.2000E+02,4.8000E+02,-4.4568E-02,1.3823E-01,1.0223E+00,-5.5833E+01,3.5456E+02,-1.5174E-02,2.5178E-02,1.5720E-02,2.4388E-02,5.5279E-02,0.0000E+00,4.0000E+00,7.0912E-01,0.0000E+00,0.0000E+00,0.0000E+00
30,5.2000E+02,4.8000E+02,-3.1404E-02,1.2518E-01,1.0223E+00,-5.5833E+01,3.5456E+02,-1.0691E-02,2.0720E-02,2.0475E-02,2.5721E-02,6.2560E-01,0.0000E+00,4.0000E+00,7.4788E-01,0.0000E+00,0.0000E+00,0.0000E+00
31,5.2000E+02,4.8000E+02,-4.2848E-02,1.3497E-01,1.0223E+00,-5.5833E+01,3.5456E+02,-1.4478E-02,2.6380E-02,1.3932E-02,2.4422E-02,5.4245E-02,0.0000E+00,4.0000E+00,7.1012E-01,0.0000E+00,0.0000E+00,0.0000E+00
32,5.2000E+02,4.8000E+02,-3.6154E-02,1.4936E-01,1.0223E+00,-5.5833E+01,3.5456E+02,-1.2268E-02,2.4936E-02,2.5690E-02,2.4025E-02,5.3517E-02,0.0000E+00,4.0000E+00,6.9857E-01,0.0000E+00,0.0000E+00,0.0000E+00
33,5.2000E+02,4.8000E+02,-3.7339E-02,1.4609E-01,1.0223E+00,-5.5833E+01,3.5456E+02,-1.2851E-02,2.2075E-02,2.4829E-02,2.4283E-02,5.5890E-02,0.0000E+00,4.0000E+00,7.0607E-01,0.0000E+00,0.0000E+00,0.0000E+00
34,5.2000E+02,4.8000E+02,-4.3896E-02,1.3723E-01,1.0223E+00,-5.5833E+01,3.5456E+02,-1.4932E-02,2.4838E-02,1.7187E-02,2.3180E-02,5.2776E-02,0.0000E+00,4.0000E+00,6.7400E-01,0.0000E+00,0.0000E+00,0.0000E+00
35,5.2000E+02,4.8000E+02,-3.6808E-02,1.4330E-01,1.0223E+00,-5.5833E+01,3.5456E+02,-1.2545E-02,2.3028E-02,2.6359E-02,2.3863E-02,6.0088E-02,0.0000E+00,4.0000E+00,6.9386E-01,0.0000E+00,0.0000E+00,0.0000E+00
36,5.2000E+02,4.8000E+02,-3.4407E-02,1.4677E-01,1.0223E+00,-5.5833E+01,3.5456E+02,-1.1859E-02,2.2616E-02,2.0811E-02,2.3847E-02,5.1274E-02,0.0000E+00,4.0000E+00,6.9338E-01,0.0000E+00,0.0000E+00,0.0000E+00
37,5.2000E+02,4.8000E+02,-3.0733E-02,1.0840E-01,1.0223E+00,-5.5833E+01,3.5456E+02,-1.0138E-02,2.0732E-02,2.8916E-02,2.6314E-02,6.1386E-01,0.0000E+00,4.0000E+00,7.6514E-01,0.0000E+00,0.0000E+00,0.0000E+00
38,5.2000E+02,4.8000E+02,-2.5341E-02,1.5052E-01,1.0223E+00,-5.5833E+01,3.5456E+02,-8.7756E-03,2.1034E-02,2.7534E-02,2.4463E-02,5.7303E-02,0.0000E+00,4.0000E+00,7.1130E-01,0.0000E+00,0.0000E+00,0.0000E+00
39,5.2000E+02,4.8000E+02,-3.7750E-02,1.3383E-01,1.0223E+00,-5.5833E+01,3.5456E+02,-1.2669E-02,2.4431E-02,2.5646E-02,2.4279E-02,4.9374E-02,0.0000E+00,4.0000E+00,7.0596E-01,0.0000E+00,0.0000E+00,0.0000E+00
40,5.2000E+02,4.8000E+02,-3.2133E-02,1.5094E-01,1.0223E+00,-5.5833E+01,3.5456E+02,-1.1071E-02,2.3019E-02,2.2331E-02,2.4828E-02,5.9784E-02,0.0000E+00,4.0000E+00,7.2192E-01,0.0000E+00,0.0000E+00,0.0000E+00
41,5.2000E+02,4.8000E+02,-3.7727E-02,1.4416E-01,1.0223E+00,-5.5833E+01,3.5456E+02,-1.2865E-02,2.3688E-02,2.3679E-02,2.4561E-02,5.0712E-02,0.0000E+00,4.0000E+00,7.1417E-01,0.0000E+00,0.0000E+00,0.0000E+00
42,5.2000E+02,4.8000E+02,-3.3758E-02,1.4906E-01,1.0223E+00,-5.5833E+01,3.5456E+02,-1.1475E-02,2.3445E-02,3.0094E-02,2.4051E-02,5.4892E-02,0.0000E+00,4.0000E+00,6.9933E-01,0.0000E+00,0.0000E+00,0.0000E+00
43,5.2000E+02,4.8000E+02,-2.1593E-02,1.2658E-01,1.0223E+00,-5.5833E+01,3.5456E+02,-7.3452E-03,1.7334E-02,3.4481E-02,2.5196E-02,6.2087E-01,0.0000E+00,4.0000E+00,7.3261E-01,0.0000E+00,0.0000E+00,0.0000E+00
44,5.2000E+02,4.8000E+02,-3.2555E-02,1.3709E-01,1.0223E+00,-5.5833E+01,3.5456E+02,-1.0872E-02,2.5175E-02,2.4336E-02,2.4228E-02,5.1738E-02,0.0000E+00,4.0000E+00,7.0448E-01,0.0000E+00,0.0000E+00,0.0000E+00
45,5.2000E+02,4.8000E+02,-2.9328E-02,1.4544E-01,1.0223E+00,-5.5833E+01,3.5456E+02,-9.9194E-03,2.1914E-02,3.5947E-02,2.4103E-02,5.3973E-02,0.0000E+00,4.0000E+00,7.0084E-01,0.0000E+00,0.0000E+00,0.0000E+00
46,5.2000E+02,4.8000E+02,-3.6302E-02,1.5654E-01,1.0223E+00,-5.5833E+01,3.5456E+02,-1.2520E-02,2.2239E-02,3.1091E-02,2.5257E-02,5.5846E-02,0.0000E+00,4.0000E+00,7.3439E-01,0.0000E+00,0.0000E+00,0.0000E+00
47,5.2000E+02,4.8000E+02,-3.4466E-02,1.4917E-01,1.0223E+00,-5.5833E+01,3.5456E+02,-1.1580E-02,2.6715E-02,2.3929E-02,2.3991E-02,5.3195E-02,0.0000E+00,4.0000E+00,6.9758E-01,0.0000E+00,0.0000E+00,0.0000E+00
48,5.2000E+02,4.8000E+02,-3.9751E-02,1.5538E-01,1.0223E+00,-5.5833E+01,3.5456E+02,-1.3849E-02,2.1023E-02,2.6666E-02,2.4586E-02,5.8013E-02,0.0000E+00,4.0000E+00,7.1488E-01,0.0000E+00,0.0000E+00,0.0000E+00
49,5.2000E+02,4.8000E+02,-4.2726E-02,1.3880E-01,1.0223E+00,-5.5833E+01,3.5456E+02,-1.4351E-02,2.5842E-02,2.6224E-02,2.4286E-02,5.1902E-02,0.0000E+00,4.0000E+00,7.0616E-01,0.0000E+00,0.0000E+00,0.0000E+00
50,5.2000E+02,4.8000E+02,-3.7193E-02,1.5516E-01,1.0223E+00,-5.5833E+01,3.5456E+02,-1.2831E-02,2.1420E-02,3.3834E-02,2.3682E-02,5.3366E-02,0.0000E+00,4.0000E+00,6.8860E-01,0.0000E+00,0.0000E+00,0.0000E+00
51,5.2000E+02,4.8000E+02,-3.6776E-02,1.5137E-01,1.0223E+00,-5.5833E+01,3.5456E+02,-1.2500E-02,2.3951E-02,3.1212E-02,2.4868E-02,5.5308E-02,0.0000E+00,4.0000E+00,7.2309E-01,0.0000E+00,0.0000E+00,0.0000E+00
52,5.2000E+02,4.8000E+02,-3.7037E-02,1.5784E-01,1.0223E+00,-5.5833E+01,3.5456E+02,-1.2756E-02,2.2981E-02,2.9829E-02,2.4922E-02,5.5180E-02,0.0000E+00,4.0000E+00,7.2466E-01,0.0000E+00,0.0000E+00,0.0000E+00
53,5.2000E+02,4.8000E+02,-3.8956E-02,1.5236E-01,1.0223E+00,-5.5833E+01,3.5456E+02,-1.3442E-02,2.2671E-02,2.5153E-02,2.3033E-02,5.6743E-02,0.0000E+00,4.0000E+00,6.6973E-01,0.0000E+00,0.0000E+00,0.0000E+00
54,5.2000E+02,4.8000E+02,-3.4673E-02,1.4538E-01,1.0223E+00,-5.5833E+01,3.5456E+02,-1.1652E-02,2.4951E-02,2.9496E-02,2.4581E-02,5.5142E-02,0.0000E+00,4.0000E+00,7.1474E-01,0.0000E+00,0.0000E+00,0.0000E+00
55,5.2000E+02,4.8000E+02,-2.8383E-02,1.5180E-01,1.0223E+00,-5.5833E+01,3.5456E+02,-9.7771E-03,2.1030E-02,3.2606E-02,2.4949E-02,5.5411E-02,0.0000E+00,4.0000E+00,7.2543E-01,0.0000E+00,0.0000E+00,0.0000E+00
56,5.2000E+02,4.8000E+02,-4.0935E-02,1.3537E-01,1.0223E+00,-5.5833E+01,3.5456E+02,-1.3845E-02,2.3461E-02,2.6761E-02,2.4162E-02,5.5417E-02,0.0000E+00,4.0000E+00,7.0254E-01,0.0000E+00,0.0000E+00,0.0000E+00
57,5.2000E+02,4.8000E+02,-4.1556E-02,1.5942E-01,1.0223E+00,-5.5833E+01,3.5456E+02,-1.4409E-02,2.2519E-02,2.7471E-02,2.3885E-02,5.5581E-02,0.0000E+00,4.0000E+00,6.9450E-01,0.0000E+00,0.0000E+00,0.0000E+00
58,5.2000E+02,4.8000E+02,-3.9772E-02,1.3198E-01,1.0223E+00,-5.5833E+01,3.5456E+02,-1.3416E-02,2.2923E-02,2.8327E-02,2.4251E-02,5.4969E-02,0.0000E+00,4.0000E+00,7.0515E-01,0.0000E+00,0.0000E+00,0.0000E+00
59,5.2000E+02,4.8000E+02,-4.7178E-02,1.4918E-01,1.0223E+00,-5.5833E+01,3.5456E+02,-1.6152E-02,2.5355E-02,1.9165E-02,2.4599E-02,5.5072E-02,0.0000E+00,4.0000E+00,7.1525E-01,0.0000E+00,0.0000E+00,0.0000E+00
60,5.2000E+02,4.8000E+02,-3.7056E-02,1.4568E-01,1.0223E+00,-5.5833E+01,3.5456E+02,-1.2745E-02,2.2587E-02,2.2371E-02,2.4117E-02,5.4760E-02,0.0000E+00,4.0000E+00,7.0125E-01,0.0000E+00,0.0000E+00,0.0000E+00
61,5.2000E+02,4.8000E+02,-3.3595E-02,1.1037E-01,1.0223E+00,-5.5833E+01,3.5456E+02,-1.1223E-02,2.0561E-02,2.4848E-02,2.4941E-02,6.2328E-01,0.0000E+00,4.0000E+00,7.2521E-01,0.0000E+00,0.0000E+00,0.0000E+00
62,5.2000E+02,4.8000E+02,-4.5553E-02,1.4399E-01,1.0223E+00,-5.5833E+01,3.5456E+02,-1.5644E-02,2.4052E-02,1.7171E-02,2.4108E-02,5.3620E-02,0.0000E+00,4.0000E+00,7.0097E-01,0.0000E+00,0.0000E+00,0.0000E+00
63,5.2000E+02,4.8000E+02,-3.8050E-02,1.3708E-01,1.0223E+00,-5.5833E+01,3.5456E+02,-1.2805E-02,2.3299E-02,3.1925E-02,2.4630E-02,5.1407E-02,0.0000E+00,4.0000E+00,7.1615E-01,0.0000E+00,0.0000E+00,0.0000E+00
64,5.2000E+02,4.8000E+02,-4.8834E-02,1.4474E-01,1.0223E+00,-5.5833E+01,3.5456E+02,-1.6885E-02,2.1898E-02,2.1307E-02,2.3885E-02,5.7388E-02,0.0000E+00,4.0000E+00,6.9450E-01,0.0000E+00,0.0000E+00,0.0000E+00
65,5.2000E+02,4.8000E+02,-3.7246E-02,1.3566E-01,1.0223E+00,-5.5833E+01,3.5456E+02,-1.2564E-02,2.3268E-02,2.8085E-02,2.4060E-02,5.3482E-02,0.0000E+00,4.0000E+00,6.9960E-01,0.0000E+00,0.0000E+00,0.0000E+00
66,5.2000E+02,4.8000E+02,-4.6019E-02,1.4586E-01,1.0223E+00,-5.5833E+01,3.5456E+02,-1.5687E-02,2.4176E-02,2.6802E-02,2.3634E-02,4.9217E-02,0.0000E+00,4.0000E+00,6.8719E-01,0.0000E+00,0.0000E+00,0.0000E+00
67,5.2000E+02,4.8000E+02,-3.4573E-02,1.4641E-01,1.0223E+00,-5.5833E+01,3.5456E+02,-1.1924E-02,2.1441E-02,2.5896E-02,2.4374E-02,5.3942E-02,0.0000E+00,4.0000E+00,7.0871E-01,0.0000E+00,0.0000E+00,0.0000E+00
68,5.2000E+02,4.8000E+02,-4.3884E-02,1.4094E-01,1.0223E+00,-5.5833E+01,3.5456E+02,-1.4892E-02,2.4458E-02,2.4971E-02,2.4717E-02,5.0319E-02,0.0000E+00,4.0000E+00,7.1868E-01,0.0000E+00,0.0000E+00,0.0000E+00
69,5.2000E+02,4.8000E+02,-3.8765E-02,1.5192E-01,1.0223E+00,-5.5833E+01,3.5456E+02,-1.3412E-02,2.2277E-02,2.4105E-02,2.4463E-02,5.3941E-02,0.0000E+00,4.0000E+00,7.1130E-01,0.0000E+00,0.0000E+00,0.0000E+00
70,5.2000E+02,4.8000E+02,-4.0934E-02,1.1765E-01,1.0223E+00,-5.5833E+01,3.5456E+02,-1.3652E-02,2.1270E-02,3.6329E-02,2.4474E-02,4.8810E-02,0.0000E+00,4.0000E+00,7.1164E-01,0.0000E+00,0.0000E+00,0.0000E+00
71,5.2000E+02,4.8000E+02,-4.2483E-02,1.4140E-01,1.0223E+00,-5.5833E+01,3.5456E+02,-1.4715E-02,1.9145E-02,2.9821E-02,2.3479E-02,5.2314E-02,0.0000E+00,4.0000E+00,6.8271E-01,0.0000E+00,0.0000E+00,0.0000E+00
72,5.2000E+02,4.8000E+02,-4.1274E-02,1.1548E-01,1.0223E+00,-5.5833E+01,3.5456E+02,-1.3812E-02,2.3063E-02,2.2266E-02,2.4593E-02,5.2652E-02,0.0000E+00,4.0000E+00,7.1509E-01,0.0000E+00,0.0000E+00,0.0000E+00
73,5.2000E+02,4.8000E+02,-3.7028E-02,1.3451E-01,1.0223E+00,-5.5833E+01,3.5456E+02,-1.2741E-02,2.0134E-02,2.4542E-02,2.4602E-02,5.7544E-02,0.0000E+00,4.0000E+00,7.1534E-01,0.0000E+00,0.0000E+00,0.0000E+00
74,5.2000E+02,4.8000E+02,-3.9829E-02,1.1123E-01,1.0223E+00,-5.5833E+01,3.5456E+02,-1.3298E-02,2.0884E-02,3.0437E-02,2.4122E-02,5.2035E-02,0.0000E+00,4.0000E+00,7.0140E-01,0.0000E+00,0.0000E+00,0.0000E+00
75,5.2000E+02,4.8000E+02,-3.9432E-02,1.3465E-01,1.0223E+00,-5.5833E+01,3.5456E+02,-1.3490E-02,2.0444E-02,2.9287E-02,2.4615E-02,5.6981E-02,0.0000E+00,4.0000E+00,7.1573E-01,0.0000E+00,0.0000E+00,0.0000E+00
76,5.2000E+02,4.8000E+02,-4.1513E-02,1.2464E-01,1.0223E+00,-5.5833E+01,3.5456E+02,-1.4171E-02,2.0708E-02,2.2179E-02,2.4512E-02,5.2217E-02,0.0000E+00,4.0000E+00,7.1273E-01,0.0000E+00,0.0000E+00,0.0000E+00
77,5.2000E+02,4.8000E+02,-4.2055E-02,1.2705E-01,1.0223E+00,-5.5833E+01,3.5456E+02,-1.4063E-02,2.3210E-02,3.3177E-02,2.5198E-02,5.0672E-02,0.0000E+00,4.0000E+00,7.3269E-01,0.0000E+00,0.0000E+00,0.0000E+00
78,5.2000E+02,4.8000E+02,-3.0097E-02,1.0461E-01,1.0223E+00,-5.5833E+01,3.5456E+02,-1.0161E-02,1.4166E-02,4.1014E-02,2.4949E-02,6.2214E-01,0.0000E+00,4.0000E+00,7.2545E-01,0.0000E+00,0.0000E+00,0.0000E+00
79,5.2000E+02,4.8000E+02,-3.5403E-02,1.1913E-01,1.0223E+00,-5.5833E+01,3.5456E+02,-1.1723E-02,2.2046E-02,3.4305E-02,2.4314E-02,5.3749E-02,0.0000E+00,4.0000E+00,7.0696E-01,0.0000E+00,0.0000E+00,0.0000E+00
80,5.2000E+02,4.8000E+02,-3.8217E-02,1.1575E-01,1.0223E+00,-5.5833E+01,3.5456E+02,-1.3032E-02,1.7801E-02,2.8671E-02,2.5201E-02,6.2003E-01,0.0000E+00,4.0000E+00,7.3275E-01,0.0000E+00,0.0000E+00,0.0000E+00
81,5.2000E+02,4.8000E+02,-3.6824E-02,9.1133E-02,1.0223E+00,-5.5833E+01,3.5456E+02,-1.2209E-02,1.6800E-02,3.6733E-02,2.5400E-02,6.2315E-01,0.0000E+00,4.0000E+00,7.3856E-01,0.0000E+00,0.0000E+00,0.0000E+00
82,5.2000E+02,4.8000E+02,-4.6415E-02,1.3705E-01,1.0223E+00,-5.5833E+01,3.5456E+02,-1.5985E-02,1.9544E-02,3.0787E-02,2.4704E-02,5.4268E-02,0.0000E+00,4.0000E+00,7.1830E-01,0.0000E+00,0.0000E+00,0.0000E+00
83,5.2000E+02,4.8000E+02,-4.7661E-02,1.1259E-01,1.0223E+00,-5.5833E+01,3.5456E+02,-1.5965E-02,2.3157E-02,2.3957E-02,2.4273E-02,5.3489E-02,0.0000E+00,4.0000E+00,7.0578E-01,0.0000E+00,0.0000E+00,0.0000E+00
84,5.2000E+02,4.8000E+02,-4.3707E-02,1.3284E-01,1.0223E+00,-5.5833E+01,3.5456E+02,-1.4911E-02,2.0073E-02,3.4113E-02,2.3786E-02,5.0663E-02,0.0000E+00,4.0000E+00,6.9161E-01,0.0000E+00,0.0000E+00,0.0000E+00
85,5.2000E+02,4.8000E+02,-4.2603E-02,1.1573E-01,1.0223E+00,-5.5833E+01,3.5456E+02,-1.4340E-02,2.1822E-02,2.3860E-02,2.4129E-02,5.3027E-02,0.0000E+00,4.0000E+00,7.0158E-01,0.0000E+00,0.0000E+00,0.0000E+00
86,5.2000E+02,4.8000E+02,-4.7534E-02,1.2514E-01,1.0223E+00,-5.5833E+01,3.5456E+02,-1.6217E-02,1.9899E-02,2.9879E-02,2.4710E-02,5.4534E-02,0.0000E+00,4.0000E+00,7.1848E-01,0.0000E+00,0.0000E+00,0.0000E+00
87,5.2000E+02,4.8000E+02,-4.0513E-02,1.2121E-01,1.0223E+00,-5.5833E+01,3.5456E+02,-1.3710E-02,1.9714E-02,3.2406E-02,2.4594E-02,5.5908E-02,0.0000E+00,4.0000E+00,7.1511E-01,0.0000E+00,0.0000E+00,0.0000E+00
88,5.2000E+02,4.8000E+02,-4.1047E-02,1.2898E-01,1.0223E+00,-5.5833E+01,3.5456E+02,-1.3874E-02,2.0764E-02,3.5506E-02,2.3829E-02,5.0635E-02,0.0000E+00,4.0000E+00,6.9288E-01,0.0000E+00,0.0000E+00,0.0000E+00
89,5.2000E+02,4.8000E+02,-4.4411E-02,1.3502E-01,1.0223E+00,-5.5833E+01,3.5456E+02,-1.5286E-02,1.9097E-02,3.1531E-02,2.4727E-02,4.7947E-02,0.0000E+00,4.0000E+00,7.1897E-01,0.0000E+00,0.0000E+00,0.0000E+00
90,5.2000E+02,4.8000E+02,-4.3298E-02,1.1605E-01,1.0223E+00,-5.5833E+01,3.5456E+02,-1.4556E-02,2.1811E-02,2.6091E-02,2.4340E-02,5.2870E-02,0.0000E+00,4.0000E+00,7.0774E-01,0.0000E+00,0.0000E+00,0.0000E+00
91,5.2000E+02,4.8000E+02,-4.2843E-02,1.3970E-01,1.0223E+00,-5.5833E+01,3.5456E+02,-1.4820E-02,1.9252E-02,2.9220E-02,2.4252E-02,5.0194E-02,0.0000E+00,4.0000E+00,7.0516E-01,0.0000E+00,0.0000E+00,0.0000E+00
92,5.2000E+02,4.8000E+02,-4.7848E-02,1.2344E-01,1.0223E+00,-5.5833E+01,3.5456E+02,-1.6133E-02,2.4067E-02,2.1381E-02,2.3982E-02,4.9147E-02,0.0000E+00,4.0000E+00,6.9731E-01,0.0000E+00,0.0000E+00,0.0000E+00
93,5.2000E+02,4.8000E+02,-4.5113E-02,1.2087E-01,1.0223E+00,-5.5833E+01,3.5456E+02,-1.5458E-02,1.8196E-02,2.8807E-02,2.4053E-02,5.4886E-02,0.0000E+00,4.0000E+00,6.9938E-01,0.0000E+00,0.0000E+00,0.0000E+00
94,5.2000E+02,4.8000E+02,-4.3103E-02,1.1702E-01,1.0223E+00,-5.5833E+01,3.5456E+02,-1.4413E-02,2.3143E-02,2.5667E-02,2.3781E-02,4.6295E-02,0.0000E+00,4.0000E+00,6.9149E-01,0.0000E+00,0.0000E+00,0.0000E+00
95,5.2000E+02,4.8000E+02,-4.9503E-02,1.3860E-01,1.0223E+00,-5.5833E+01,3.5456E+02,-1.7065E-02,1.9215E-02,3.3234E-02,2.3797E-02,5.3328E-02,0.0000E+00,4.0000E+00,6.9193E-01,0.0000E+00,0.0000E+00,0.0000E+00
96,5.2000E+02,4.8000E+02,-3.8973E-02,1.2011E-01,1.0223E+00,-5.5833E+01,3.5456E+02,-1.3079E-02,2.0842E-02,3.2776E-02,2.4670E-02,5.1534E-02,0.0000E+00,4.0000E+00,7.1732E-01,0.0000E+00,0.0000E+00,0.0000E+00
97,5.2000E+02,4.8000E+02,-4.5878E-02,1.2557E-01,1.0223E+00,-5.5833E+01,3.5456E+02,-1.5546E-02,2.2166E-02,2.5806E-02,2.4791E-02,5.1881E-02,0.0000E+00,4.0000E+00,7.2085E-01,0.0000E+00,0.0000E+00,0.0000E+00
98,5.2000E+02,4.8000E+02,-5.5028E-02,1.2412E-01,1.0223E+00,-5.5833E+01,3.5456E+02,-1.8809E-02,2.1617E-02,2.0916E-02,2.4621E-02,4.8802E-02,0.0000E+00,4.0000E+00,7.1591E-01,0.0000E+00,0.0000E+00,0.0000E+00
99,5.2000E+02,4.8000E+02,-4.3121E-02,1.1522E-01,1.0223E+00,-5.5833E+01,3.5456E+02,-1.4414E-02,2.2137E-02,2.9623E-02,2.4156E-02,5.4825E-02,0.0000E+00,4.0000E+00,7.0238E-01,0.0000E+00,0.0000E+00,0.0000E+00
100,5.2000E+02,4.8000E+02,-4.1809E-02,1.2703E-01,1.0223E+00,-5.5833E+01,3.5456E+02,-1.4337E-02,1.9097E-02,2.7787E-02,2.4594E-02,5.6530E-02,0.0000E+00,4.0000E+00,7.1511E-01,0.0000E+00,0.0000E+00,0.0000E+00
101,5.2000E+02,4.8000E+02,-4.2066E-02,1.1671E-01,1.0223E+00,-5.5833E+01,3.5456E+02,-1.4057E-02,2.2211E-02,2.9814E-02,2.4444E-02,5.1691E-02,0.0000E+00,4.0000E+00,7.1076E-01,0.0000E+00,0.0000E+00,0.0000E+00
102,5.2000E+02,4.8000E+02,-3.7017E-02,1.2919E-01,1.0223E+00,-5.5833E+01,3.5456E+02,-1.2635E-02,1.8010E-02,3.7989E-02,2.4108E-02,5.1601E-02,0.0000E+00,4.0000E+00,7.0098E-01,0.0000E+00,0.0000E+00,0.0000E+00
103,5.2000E+02,4.8000E+02,-4.7858E-02,1.1651E-01,1.0223E+00,-5.5833E+01,3.5456E+02,-1.6078E-02,2.3367E-02,2.3045E-02,2.4188E-02,4.7981E-02,0.0000E+00,4.0000E+00,7.0331E-01,0.0000E+00,0.0000E+00,0.0000E+00
104,5.2000E+02,4.8000E+02,-4.0853E-02,1.3475E-01,1.0223E+00,-5.5833E+01,3.5456E+02,-1.4071E-02,1.8817E-02,3.1221E-02,2.4578E-02,5.6768E-02,0.0000E+00,4.0000E+00,7.1464E-01,0.0000E+00,0.0000E+00,0.0000E+00
105,5.2000E+02,4.8000E+02,-5.0648E-02,1.1340E-01,1.0223E+00,-5.5833E+01,3.5456E+02,-1.7021E-02,2.3675E-02,2.0603E-02,2.4974E-02,5.4752E-02,0.0000E+00,4.0000E+00,7.2615E-01,0.0000E+00,0.0000E+00,0.0000E+00
106,5.2000E+02,4.8000E+02,-4.9775E-02,1.3357E-01,1.0223E+00,-5.5833E+01,3.5456E+02,-1.7204E-02,1.9586E-02,2.3692E-02,2.3703E-02,5.9473E-02,0.0000E+00,4.0000E+00,6.8921E-01,0.0000E+00,0.0000E+00,0.0000E+00
107,5.2000E+02,4.8000E+02,-4.3661E-02,1.1275E-01,1.0223E+00,-5.5833E+01,3.5456E+02,-1.4599E-02,2.2302E-02,2.6790E-02,2.4073E-02,5.0610E-02,0.0000E+00,4.0000E+00,6.9996E-01,0.0000E+00,0.0000E+00,0.0000E+00
108,5.2000E+02,4.8000E+02,-4.5410E-02,1.2183E-01,1.0223E+00,-5.5833E+01,3.5456E+02,-1.5529E-02,1.9517E-02,2.5301E-02,2.4462E-02,5.2693E-02,0.0000E+00,4.0000E+00,7.1128E-01,0.0000E+00,0.0000E+00,0.0000E+00
109,5.2000E+02,4.8000E+02,-4.8043E-02,1.2080E-01,1.0223E+00,-5.5833E+01,3.5456E+02,-1.6212E-02,2.2174E-02,2.7796E-02,2.4355E-02,5.4511E-02,0.0000E+00,4.0000E+00,7.0816E-01,0.0000E+00,0.0000E+00,0.0000E+00
110,5.2000E+02,4.8000E+02,-4.8274E-02,1.3060E-01,1.0223E+00,-5.5833E+01,3.5456E+02,-1.6336E-02,2.3257E-02,2.7752E-02,2.4056E-02,5.4573E-02,0.0000E+00,4.0000E+00,6.9946E-01,0.0000E+00,0.0000E+00,0.0000E+00
111,5.2000E+02,4.8000E+02,-4.3684E-02,1.2038E-01,1.0223E+00,-5.5833E+01,3.5456E+02,-1.4898E-02,1.8710E-02,3.0434E-02,2.4781E-02,5.1958E-02,0.0000E+00,4.0000E+00,7.2055E-01,0.0000E+00,0.0000E+00,0.0000E+00
112,5.2000E+02,4.8000E+02,-4.3987E-02,1.3344E-01,1.0223E+00,-5.5833E+01,3.5456E+02,-1.4942E-02,2.1609E-02,3.1690E-02,2.4090E-02,5.0031E-02,0.0000E+00,4.0000E+00,7.0047E-01,0.0000E+00,0.0000E+00,0.0000E+00
113,5.2000E+02,4.8000E+02,-3.6906E-02,1.1682E-01,1.0223E+00,-5.5833E+01,3.5456E+02,-1.2336E-02,1.8328E-02,4.4364E-02,2.4409E-02,4.9725E-02,0.0000E+00,4.0000E+00,7.0974E-01,0.0000E+00,0.0000E+00,0.0000E+00
114,5.2000E+02,4.8000E+02,-3.7869E-02,9.9527E-02,1.0223E+00,-5.5833E+01,3.5456E+02,-1.2561E-02,1.8338E-02,3.7172E-02,2.5824E-02,6.2189E-01,0.0000E+00,4.0000E+00,7.5087E-01,0.0000E+00,0.0000E+00,0.0000E+00
115,5.2000E+02,4.8000E+02,-4.1555E-02,1.2411E-01,1.0223E+00,-5.5833E+01,3.5456E+02,-1.4028E-02,1.8965E-02,4.1941E-02,2.4006E-02,5.3804E-02,0.0000E+00,4.0000E+00,6.9801E-01,0.0000E+00,0.0000E+00,0.0000E+00
116,5.2000E+02,4.8000E+02,-4.7377E-02,1.2442E-01,1.0223E+00,-5.5833E+01,3.5456E+02,-1.6009E-02,2.1935E-02,3.0064E-02,2.3591E-02,5.1185E-02,0.0000E+00,4.0000E+00,6.8595E-01,0.0000E+00,0.0000E+00,0.0000E+00
117,5.2000E+02,4.8000E+02,-5.0209E-02,1.1617E-01,1.0223E+00,-5.5833E+01,3.5456E+02,-1.7076E-02,1.9032E-02,3.1394E-02,2.4133E-02,5.0951E-02,0.0000E+00,4.0000E+00,7.0171E-01,0.0000E+00,0.0000E+00,0.0000E+00
118,5.2000E+02,4.8000E+02,-4.9088E-02,1.2205E-01,1.0223E+00,-5.5833E+01,3.5456E+02,-1.6565E-02,2.2665E-02,2.7111E-02,2.3838E-02,4.8055E-02,0.0000E+00,4.0000E+00,6.9313E-01,0.0000E+00,0.0000E+00,0.0000E+00
119,5.2000E+02,4.8000E+02,-4.3119E-02,1.0292E-01,1.0223E+00,-5.5833E+01,3.5456E+02,-1.4578E-02,1.5924E-02,3.8114E-02,2.5014E-02,6.2629E-01,0.0000E+00,4.0000E+00,7.2732E-01,0.0000E+00,0.0000E+00,0.0000E+00
120,5.2000E+02,4.8000E+02,-4.4991E-02,1.1711E-01,1.0223E+00,-5.5833E+01,3.5456E+02,-1.5077E-02,2.1392E-02,3.3988E-02,2.3922E-02,4.8322E-02,0.0000E+00,4.0000E+00,6.9557E-01,0.0000E+00,0.0000E+00,0.0000E+00
121,5.2000E+02,4.8000E+02,-3.8525E-02,1.0158E-01,1.0223E+00,-5.5833E+01,3.5456E+02,-1.2997E-02,1.6216E-02,3.4495E-02,2.4843E-02,6.2458E-01,0.0000E+00,4.0000E+00,7.2235E-01,0.0000E+00,0.0000E+00,0.0000E+00
122,5.2000E+02,4.8000E+02,-5.5518E-02,1.1422E-01,1.0223E+00,-5.5833E+01,3.5456E+02,-1.8749E-02,2.2910E-02,2.2424E-02,2.4229E-02,4.6729E-02,0.0000E+00,4.0000E+00,7.0449E-01,0.0000E+00,0.0000E+00,0.0000E+00
123,5.2000E+02,4.8000E+02,-3.9785E-02,1.3112E-01,1.0223E+00,-5.5833E+01,3.5456E+02,-1.3591E-02,1.8490E-02,3.7603E-02,2.4082E-02,4.7411E-02,0.0000E+00,4.0000E+00,7.0021E-01,0.0000E+00,0.0000E+00,0.0000E+00
124,5.2000E+02,4.8000E+02,-4.3209E-02,1.0554E-01,1.0223E+00,-5.5833E+01,3.5456E+02,-1.4399E-02,2.1336E-02,2.8474E-02,2.4622E-02,5.1590E-02,0.0000E+00,4.0000E+00,7.1592E-01,0.0000E+00,0.0000E+00,0.0000E+00
125,5.2000E+02,4.8000E+02,-5.0555E-02,1.2416E-01,1.0223E+00,-5.5833E+01,3.5456E+02,-1.7263E-02,1.9950E-02,2.8922E-02,2.3636E-02,5.1017E-02,0.0000E+00,4.0000E+00,6.8725E-01,0.0000E+00,0.0000E+00,0.0000E+00
126,5.2000E+02,4.8000E+02,-4.7837E-02,1.1426E-01,1.0223E+00,-5.5833E+01,3.5456E+02,-1.6109E-02,2.0474E-02,3.2896E-02,2.3695E-02,4.4986E-02,0.0000E+00,4.0000E+00,6.8896E-01,0.0000E+00,0.0000E+00,0.0000E+00
127,5.2000E+02,4.8000E+02,-4.5140E-02,1.2534E-01,1.0223E+00,-5.5833E+01,3.5456E+02,-1.5398E-02,1.9504E-02,3.1156E-02,2.4146E-02,5.2683E-02,0.0000E+00,4.0000E+00,7.0208E-01,0.0000E+00,0.0000E+00,0.0000E+00
128,5.2000E+02,4.8000E+02,-3.6087E-02,1.1122E-01,1.0223E+00,-5.5833E+01,3.5456E+02,-1.1909E-02,1.7860E-02,5.2225E-02,2.4581E-02,4.8934E-02,0.0000E+00,4.0000E+00,7.1474E-01,0.0000E+00,0.0000E+00,0.0000E+00
129,5.2000E+02,4.8000E+02,-4.4828E-02,1.2367E-01,1.0223E+00,-5.5833E+01,3.5456E+02,-1.5156E-02,1.9564E-02,3.9069E-02,2.4445E-02,4.9337E-02,0.0000E+00,4.0000E+00,7.1077E-01,0.0000E+00,0.0000E+00,0.0000E+00
130,5.2000E+02,4.8000E+02,-4.4456E-02,1.2425E-01,1.0223E+00,-5.5833E+01,3.5456E+02,-1.4960E-02,2.2314E-02,3.0586E-02,2.3859E-02,5.1120E-02,0.0000E+00,4.0000E+00,6.9375E-01,0.0000E+00,0.0000E+00,0.0000E+00
131,5.2000E+02,4.8000E+02,-4.4824E-02,1.1470E-01,1.0223E+00,-5.5833E+01,3.5456E+02,-1.5195E-02,1.7265E-02,3.9850E-02,2.4902E-02,5.3975E-02,0.0000E+00,4.0000E+00,7.2407E-01,0.0000E+00,0.0000E+00,0.0000E+00
132,5.2000E+02,4.8000E+02,-4.2832E-02,1.0361E-01,1.0223E+00,-5.5833E+01,3.5456E+02,-1.4142E-02,1.9455E-02,4.5430E-02,2.4256E-02,4.3353E-02,0.0000E+00,4.0000E+00,7.0529E-01,0.0000E+00,0.0000E+00,0.0000E+00
133,5.2000E+02,4.8000E+02,-4.7414E-02,1.1867E-01,1.0223E+00,-5.5833E+01,3.5456E+02,-1.6209E-02,1.8368E-02,2.9459E-02,2.4177E-02,5.4454E-02,0.0000E+00,4.0000E+00,7.0300E-01,0.0000E+00,0.0000E+00,0.0000E+00
134,5.2000E+02,4.8000E+02,-3.9403E-02,8.2512E-02,1.0223E+00,-5.5833E+01,3.5456E+02,-1.2928E-02,1.8519E-02,3.3401E-02,2.5793E-02,6.1374E-01,0.0000E+00,4.0000E+00,7.4997E-01,0.0000E+00,0.0000E+00,0.0000E+00
135,5.2000E+02,4.8000E+02,-5.0602E-02,1.1459E-01,1.0223E+00,-5.5833E+01,3.5456E+02,-1.7202E-02,1.9529E-02,2.8262E-02,2.3944E-02,5.7053E-02,0.0000E+00,4.0000E+00,6.9622E-01,0.0000E+00,0.0000E+00,0.0000E+00
136,5.2000E+02,4.8000E+02,-4.6539E-02,1.0845E-01,1.0223E+00,-5.5833E+01,3.5456E+02,-1.5560E-02,1.9211E-02,4.1353E-02,2.4551E-02,5.2339E-02,0.0000E+00,4.0000E+00,7.1387E-01,0.0000E+00,0.0000E+00,0.0000E+00
137,5.2000E+02,4.8000E+02,-4.0509E-02,1.0795E-01,1.0223E+00,-5.5833E+01,3.5456E+02,-1.3544E-02,1.5793E-02,5.2522E-02,2.4245E-02,4.5908E-02,0.0000E+00,4.0000E+00,7.0497E-01,0.0000E+00,0.0000E+00,0.0000E+00
138,5.2000E+02,4.8000E+02,-4.1881E-02,1.1020E-01,1.0223E+00,-5.5833E+01,3.5456E+02,-1.4157E-02,1.6296E-02,4.1951E-02,2.4483E-02,4.9027E-02,0.0000E+00,4.0000E+00,7.1188E-01,0.0000E+00,0.0000E+00,0.0000E+00
139,5.2000E+02,4.8000E+02,-4.7858E-02,1.0540E-01,1.0223E+00,-5.5833E+01,3.5456E+02,-1.6117E-02,1.8759E-02,3.3710E-02,2.4027E-02,5.0444E-02,0.0000E+00,4.0000E+00,6.9862E-01,0.0000E+00,0.0000E+00,0.0000E+00
140,5.2000E+02,4.8000E+02,-4.7220E-02,1.2132E-01,1.0223E+00,-5.5833E+01,3.5456E+02,-1.6098E-02,1.9146E-02,3.1037E-02,2.3692E-02,5.4891E-02,0.0000E+00,4.0000E+00,6.8888E-01,0.0000E+00,0.0000E+00,0.0000E+00
141,5.2000E+02,4.8000E+02,-4.1710E-02,6.2911E-02,1.0223E+00,-5.5833E+01,3.5456E+02,-1.3664E-02,1.5324E-02,3.7029E-02,2.4919E-02,6.2256E-01,0.0000E+00,4.0000E+00,7.2458E-01,0.0000E+00,0.0000E+00,0.0000E+00
142,5.2000E+02,4.8000E+02,-4.7770E-02,1.0722E-01,1.0223E+00,-5.5833E+01,3.5456E+02,-1.6031E-02,1.9127E-02,3.7488E-02,2.3667E-02,4.5984E-02,0.0000E+00,4.0000E+00,6.8817E-01,0.0000E+00,0.0000E+00,0.0000E+00
143,5.2000E+02,4.8000E+02,-5.1703E-02,9.3371E-02,1.0223E+00,-5.5833E+01,3.5456E+02,-1.7548E-02,1.7033E-02,2.4818E-02,2.3697E-02,5.0900E-02,0.0000E+00,4.0000E+00,6.8902E-01,0.0000E+00,0.0000E+00,0.0000E+00
144,5.2000E+02,4.8000E+02,-5.1304E-02,1.0177E-01,1.0223E+00,-5.5833E+01,3.5456E+02,-1.7290E-02,1.9768E-02,2.7085E-02,2.3733E-02,4.9550E-02,0.0000E+00,4.0000E+00,6.9008E-01,0.0000E+00,0.0000E+00,0.0000E+00
145,5.2000E+02,4.8000E+02,-4.4771E-02,9.4102E-02,1.0223E+00,-5.5833E+01,3.5456E+02,-1.5031E-02,1.6787E-02,3.4729E-02,2.4017E-02,4.9427E-02,0.0000E+00,4.0000E+00,6.9834E-01,0.0000E+00,0.0000E+00,0.0000E+00
146,5.2000E+02,4.8000E+02,-4.7577E-02,9.4328E-02,1.0223E+00,-5.5833E+01,3.5456E+02,-1.5899E-02,1.8119E-02,3.5993E-02,2.3767E-02,4.9864E-02,0.0000E+00,4.0000E+00,6.9107E-01,0.0000E+00,0.0000E+00,0.0000E+00
147,5.2000E+02,4.8000E+02,-4.4485E-02,8.8547E-02,1.0223E+00,-5.5833E+01,3.5456E+02,-1.4867E-02,1.5896E-02,3.9109E-02,2.4610E-02,5.3435E-02,0.0000E+00,4.0000E+00,7.1559E-01,0.0000E+00,0.0000E+00,0.0000E+00
148,5.2000E+02,4.8000E+02,-4.2966E-02,1.1404E-01,1.0223E+00,-5.5833E+01,3.5456E+02,-1.4604E-02,1.6909E-02,3.7144E-02,2.3229E-02,4.3858E-02,0.0000E+00,4.0000E+00,6.7543E-01,0.0000E+00,0.0000E+00,0.0000E+00
149,5.2000E+02,4.8000E+02,-5.3185E-02,9.3582E-02,1.0223E+00,-5.5833E+01,3.5456E+02,-1.7836E-02,1.8713E-02,3.3059E-02,2.4284E-02,4.4898E-02,0.0000E+00,4.0000E+00,7.0611E-01,0.0000E+00,0.0000E+00,0.0000E+00
150,5.2000E+02,4.8000E+02,-5.4000E-02,1.0636E-01,1.0223E+00,-5.5833E+01,3.5456E+02,-1.8435E-02,1.6114E-02,3.4341E-02,2.3852E-02,5.1113E-02,0.0000E+00,4.0000E+00,6.9354E-01,0.0000E+00,0.0000E+00,0.0000E+00
151,5.2000E+02,4.8000E+02,-5.1030E-02,8.6127E-02,1.0223E+00,-5.5833E+01,3.5456E+02,-1.6999E-02,1.9246E-02,3.0348E-02,2.4345E-02,5.0640E-02,0.0000E+00,4.0000E+00,7.0786E-01,0.0000E+00,0.0000E+00,0.0000E+00
152,5.2000E+02,4.8000E+02,-4.9410E-02,1.1037E-01,1.0223E+00,-5.5833E+01,3.5456E+02,-1.6942E-02,1.4691E-02,3.7818E-02,2.4161E-02,4.9774E-02,0.0000E+00,4.0000E+00,7.0253E-01,0.0000E+00,0.0000E+00,0.0000E+00
153,5.2000E+02,4.8000E+02,-4.3193E-02,9.9937E-02,1.0223E+00,-5.5833E+01,3.5456E+02,-1.4364E-02,1.9757E-02,3.3654E-02,2.4151E-02,5.2275E-02,0.0000E+00,4.0000E+00,7.0223E-01,0.0000E+00,0.0000E+00,0.0000E+00
154,5.2000E+02,4.8000E+02,-5.1042E-02,1.1290E-01,1.0223E+00,-5.5833E+01,3.5456E+02,-1.7437E-02,1.6894E-02,3.4094E-02,2.3789E-02,5.2206E-02,0.0000E+00,4.0000E+00,6.9170E-01,0.0000E+00,0.0000E+00,0.0000E+00
155,5.2000E+02,4.8000E+02,-5.5403E-02,8.9065E-02,1.0223E+00,-5.5833E+01,3.5456E+02,-1.8581E-02,1.8096E-02,3.3980E-02,2.3908E-02,4.8342E-02,0.0000E+00,4.0000E+00,6.9517E-01,0.0000E+00,0.0000E+00,0.0000E+00
156,5.2000E+02,4.8000E+02,-5.0216E-02,1.1189E-01,1.0223E+00,-5.5833E+01,3.5456E+02,-1.7170E-02,1.7406E-02,2.9165E-02,2.3800E-02,5.1725E-02,0.0000E+00,4.0000E+00,6.9203E-01,0.0000E+00,0.0000E+00,0.0000E+00
157,5.2000E+02,4.8000E+02,-4.7724E-02,9.6809E-02,1.0223E+00,-5.5833E+01,3.5456E+02,-1.6045E-02,1.7278E-02,3.5510E-02,2.4708E-02,4.8171E-02,0.0000E+00,4.0000E+00,7.1843E-01,0.0000E+00,0.0000E+00,0.0000E+00
158,5.2000E+02,4.8000E+02,-4.7977E-02,8.9379E-02,1.0223E+00,-5.5833E+01,3.5456E+02,-1.6123E-02,1.5523E-02,3.8499E-02,2.4963E-02,5.0535E-02,0.0000E+00,4.0000E+00,7.2583E-01,0.0000E+00,0.0000E+00,0.0000E+00
159,5.2000E+02,4.8000E+02,-5.8003E-02,1.0406E-01,1.0223E+00,-5.5833E+01,3.5456E+02,-1.9756E-02,1.7138E-02,3.2156E-02,2.4501E-02,5.2880E-02,0.0000E+00,4.0000E+00,7.1240E-01,0.0000E+00,0.0000E+00,0.0000E+00
160,5.2000E+02,4.8000E+02,-4.9021E-02,1.0744E-01,1.0223E+00,-5.5833E+01,3.5456E+02,-1.6587E-02,1.8030E-02,3.4349E-02,2.4663E-02,4.8096E-02,0.0000E+00,4.0000E+00,7.1711E-01,0.0000E+00,0.0000E+00,0.0000E+00
161,5.2000E+02,4.8000E+02,-5.4332E-02,1.0445E-01,1.0223E+00,-5.5833E+01,3.5456E+02,-1.8405E-02,1.7604E-02,3.5686E-02,2.4634E-02,4.9561E-02,0.0000E+00,4.0000E+00,7.1629E-01,0.0000E+00,0.0000E+00,0.0000E+00
162,5.2000E+02,4.8000E+02,-4.6593E-02,8.0046E-02,1.0223E+00,-5.5833E+01,3.5456E+02,-1.5670E-02,1.2673E-02,4.2722E-02,2.4689E-02,6.2230E-01,0.0000E+00,4.0000E+00,7.1788E-01,0.0000E+00,0.0000E+00,0.0000E+00
163,5.2000E+02,4.8000E+02,-5.0274E-02,1.0630E-01,1.0223E+00,-5.5833E+01,3.5456E+02,-1.6886E-02,1.9517E-02,3.5721E-02,2.4823E-02,5.3913E-02,0.0000E+00,4.0000E+00,7.2177E-01,0.0000E+00,0.0000E+00,0.0000E+00
164,5.2000E+02,4.8000E+02,-5.6274E-02,9.4029E-02,1.0223E+00,-5.5833E+01,3.5456E+02,-1.9242E-02,1.4528E-02,3.0204E-02,2.4579E-02,5.1812E-02,0.0000E+00,4.0000E+00,7.1467E-01,0.0000E+00,0.0000E+00,0.0000E+00
165,5.2000E+02,4.8000E+02,-4.7060E-02,9.7279E-02,1.0223E+00,-5.5833E+01,3.5456E+02,-1.5758E-02,1.7053E-02,4.1139E-02,2.4136E-02,5.3615E-02,0.0000E+00,4.0000E+00,7.0179E-01,0.0000E+00,0.0000E+00,0.0000E+00
166,5.2000E+02,4.8000E+02,-5.1869E-02,9.9008E-02,1.0223E+00,-5.5833E+01,3.5456E+02,-1.7610E-02,1.6199E-02,3.3691E-02,2.4171E-02,5.0787E-02,0.0000E+00,4.0000E+00,7.0282E-01,0.0000E+00,0.0000E+00,0.0000E+00
167,5.2000E+02,4.8000E+02,-5.3691E-02,1.1094E-01,1.0223E+00,-5.5833E+01,3.5456E+02,-1.8160E-02,1.9231E-02,3.4857E-02,2.4241E-02,5.4191E-02,0.0000E+00,4.0000E+00,7.0486E-01,0.0000E+00,0.0000E+00,0.0000E+00
168,5.2000E+02,4.8000E+02,-5.8808E-02,1.0237E-01,1.0223E+00,-5.5833E+01,3.5456E+02,-1.9993E-02,1.6435E-02,3.7280E-02,2.3844E-02,5.3650E-02,0.0000E+00,4.0000E+00,6.9330E-01,0.0000E+00,0.0000E+00,0.0000E+00
169,5.2000E+02,4.8000E+02,-5.6218E-02,1.0474E-01,1.0223E+00,-5.5833E+01,3.5456E+02,-1.8998E-02,1.8864E-02,3.4108E-02,2.3688E-02,4.8652E-02,0.0000E+00,4.0000E+00,6.8877E-01,0.0000E+00,0.0000E+00,0.0000E+00
170,5.2000E+02,4.8000E+02,-4.9622E-02,6.9956E-02,1.0223E+00,-5.5833E+01,3.5456E+02,-1.6627E-02,1.3950E-02,3.4316E-02,2.5644E-02,6.1222E-01,0.0000E+00,4.0000E+00,7.4563E-01,0.0000E+00,0.0000E+00,0.0000E+00
171,5.2000E+02,4.8000E+02,-4.8179E-02,9.4314E-02,1.0223E+00,-5.5833E+01,3.5456E+02,-1.6167E-02,1.7327E-02,3.5672E-02,2.4651E-02,4.9832E-02,0.0000E+00,4.0000E+00,7.1676E-01,0.0000E+00,0.0000E+00,0.0000E+00
172,5.2000E+02,4.8000E+02,-4.0552E-02,9.7301E-02,1.0223E+00,-5.5833E+01,3.5456E+02,-1.3664E-02,1.4224E-02,4.3379E-02,2.4135E-02,5.2878E-02,0.0000E+00,4.0000E+00,7.0176E-01,0.0000E+00,0.0000E+00,0.0000E+00
173,5.2000E+02,4.8000E+02,-4.6664E-02,1.0187E-01,1.0223E+00,-5.5833E+01,3.5456E+02,-1.5670E-02,1.7908E-02,3.7296E-02,2.3984E-02,5.1358E-02,0.0000E+00,4.0000E+00,6.9737E-01,0.0000E+00,0.0000E+00,0.0000E+00
174,5.2000E+02,4.8000E+02,-4.0304E-02,9.0960E-02,1.0223E+00,-5.5833E+01,3.5456E+02,-1.3567E-02,1.2557E-02,4.7030E-02,2.4836E-02,6.2258E-01,0.0000E+00,4.0000E+00,7.2215E-01,0.0000E+00,0.0000E+00,0.0000E+00
175,5.2000E+02,4.8000E+02,-3.7758E-02,9.3980E-02,1.0223E+00,-5.5833E+01,3.5456E+02,-1.2466E-02,1.6736E-02,4.4411E-02,2.4884E-02,6.1101E-01,0.0000E+00,4.0000E+00,7.2354E-01,0.0000E+00,0.0000E+00,0.0000E+00
176,5.2000E+02,4.8000E+02,-4.3782E-02,1.1682E-01,1.0223E+00,-5.5833E+01,3.5456E+02,-1.4860E-02,1.6037E-02,4.5994E-02,2.3703E-02,4.9269E-02,0.0000E+00,4.0000E+00,6.8922E-01,0.0000E+00,0.0000E+00,0.0000E+00
177,5.2000E+02,4.8000E+02,-3.6614E-02,1.3125E-01,1.0223E+00,-5.5833E+01,3.5456E+02,-1.2415E-02,1.6275E-02,5.4311E-02,2.4727E-02,5.1483E-02,0.0000E+00,4.0000E+00,7.1898E-01,0.0000E+00,0.0000E+00,0.0000E+00
178,5.2000E+02,4.8000E+02,-4.7582E-02,1.1805E-01,1.0223E+00,-5.5833E+01,3.5456E+02,-1.6001E-02,1.8397E-02,4.8065E-02,2.3547E-02,5.1542E-02,0.0000E+00,4.0000E+00,6.8467E-01,0.0000E+00,0.0000E+00,0.0000E+00
179,5.2000E+02,4.8000E+02,-4.0823E-02,1.3275E-01,1.0223E+00,-5.5833E+01,3.5456E+02,-1.4008E-02,1.4757E-02,5.3766E-02,2.4212E-02,5.5856E-02,0.0000E+00,4.0000E+00,7.0400E-01,0.0000E+00,0.0000E+00,0.0000E+00
180,5.2000E+02,4.8000E+02,-4.6094E-02,1.0636E-01,1.0223E+00,-5.5833E+01,3.5456E+02,-1.5401E-02,1.9395E-02,3.8874E-02,2.3912E-02,5.0680E-02,0.0000E+00,4.0000E+00,6.9529E-01,0.0000E+00,0.0000E+00,0.0000E+00
181,5.2000E+02,4.8000E+02,-3.9090E-02,9.7906E-02,1.0223E+00,-5.5833E+01,3.5456E+02,-1.3108E-02,1.4957E-02,4.3810E-02,2.4965E-02,6.1658E-01,0.0000E+00,4.0000E+00,7.2589E-01,0.0000E+00,0.0000E+00,0.0000E+00
182,5.2000E+02,4.8000E+02,-5.1368E-02,1.1848E-01,1.0223E+00,-5.5833E+01,3.5456E+02,-1.7378E-02,2.0952E-02,3.0996E-02,2.3322E-02,5.3586E-02,0.0000E+00,4.0000E+00,6.7812E-01,0.0000E+00,0.0000E+00,0.0000E+00
183,5.2000E+02,4.8000E+02,-7.8041E-02,1.8344E-01,1.0223E+00,-5.5833E+01,3.5456E+02,-2.6941E-02,2.2790E-02,5.6836E-02,2.3905E-02,7.4059E-02,0.0000E+00,4.0000E+00,6.9507E-01,0.0000E+00,0.0000E+00,0.0000E+00
184,5.2000E+02,4.8000E+02,-5.3528E-02,1.3909E-01,1.0223E+00,-5.5833E+01,3.5456E+02,-1.7918E-02,1.8581E-02,7.6360E-02,2.4008E-02,6.3524E-01,0.0000E+00,4.0000E+00,6.9807E-01,0.0000E+00,0.0000E+00,0.0000E+00
185,5.2000E+02,4.8000E+02,-4.2570E-02,1.2384E-01,1.0223E+00,-5.5833E+01,3.5456E+02,-1.4490E-02,1.4863E-02,5.4431E-02,2.3433E-02,5.0962E-02,0.0000E+00,4.0000E+00,6.8136E-01,0.0000E+00,0.0000E+00,0.0000E+00
