FRAME,COORDINATE_X,COORDINATE_Y,DISPLACEMENT_X,DISPLACEMENT_Y,MODEL_COORDINATES_X,MODEL_COORDINATES_Y,MODEL_COORDINATES_Z,MODEL_DISPLACEMENT_X,MODEL_DISPLACEMENT_Y,MODEL_DISPLACEMENT_Z,SIGMA,GAMMA,BETA,STATUS_FLAG,UNCERTAINTY,VSG_STRAIN_XX,VSG_STRAIN_YY,VSG_STRAIN_XY
0,4.3000E+02,7.6200E+02,-3.4898E-02,1.6702E-01,2.5052E+01,1.3015E+00,2.5141E-01,5.3738E-03,4.5126E-03,-1.7957E-02,1.7281E-01,1.0024E-01,0.0000E+00,4.0000E+00,1.5493E-01,3.2734E-04,-2.0599E-04,-2.5867E-05
1,4.3000E+02,7.6200E+02,3.0650E-02,3.5146E-01,2.5052E+01,1.3015E+00,2.5141E-01,-5.8149E-03,1.2870E-02,3.3302E-02,1.3577E-01,1.1079E-01,0.0000E+00,4.0000E+00,1.2172E-01,2.9997E-04,3.4273E-04,-1.9064E-04
2,4.3000E+02,7.6200E+02,1.1693E-01,2.8824E-01,2.5052E+01,1.3015E+00,2.5141E-01,-3.3233E-03,1.2712E-02,-1.2642E-01,2.1632E-01,9.8426E-02,0.0000E+00,4.0000E+00,1.9394E-01,4.8139E-05,6.9451E-05,3.2807E-05
3,4.3000E+02,7.6200E+02,6.3793E-02,4.5790E-01,2.5052E+01,1.3015E+00,2.5141E-01,-6.2884E-03,1.7929E-02,-8.7017E-03,1.8368E-01,1.1442E-01,0.0000E+00,4.0000E+00,1.6469E-01,7.7615E-05,-2.6284E-04,1.9532E-04
4,4.3000E+02,7.6200E+02,1.2072E-01,1.8213E-01,2.5052E+01,1.3015E+00,2.5141E-01,-5.6742E-03,4.2447E-04,-9.9355E-02,1.5821E-01,1.1130E-01,0.0000E+00,4.0000E+00,1.4185E-01,2.0182E-04,-3.1729E-04,2.1710E-04
5,4.3000E+02,7.6200E+02,1.4263E-01,3.3721E-01,2.5052E+01,1.3015E+00,2.5141E-01,-1.1265E-02,1.4161E-02,-5.9662E-02,1.3824E-01,1.0319E-01,0.0000E+00,4.0000E+00,1.2395E-01,-2.8192E-04,7.6294E-05,-1.7523E-04
6,4.3000E+02,7.6200E+02,8.1425E-02,5.2980E-01,2.5052E+01,1.3015E+00,2.5141E-01,-9.7951E-03,1.6779E-02,1.3028E-02,8.3718E-02,1.0467E-01,0.0000E+00,4.0000E+00,7.5059E-02,1.9072E-04,4.7214E-04,-3.2474E-04
7,4.3000E+02,7.6200E+02,8.3617E-02,4.6863E-01,2.5052E+01,1.3015E+00,2.5141E-01,-1.3293E-02,1.9972E-02,5.3629E-02,2.0654E-01,1.0448E-01,0.0000E+00,4.0000E+00,1.8518E-01,-3.0312E-04,8.8901E-04,-4.5540E-05
8,4.3000E+02,7.6200E+02,9.7391E-02,4.7205E-01,2.5052E+01,1.3015E+00,2.5141E-01,-5.3003E-03,1.5815E-02,-6.9916E-02,1.5174E-01,1.4186E-01,0.0000E+00,4.0000E+00,1.3604E-01,-1.2214E-04,3.5786E-04,-1.6871E-04
9,4.3000E+02,7.6200E+02,7.5551E-02,3.5302E-01,2.5052E+01,1.3015E+00,2.5141E-01,-1.1833E-02,1.5472E-02,4.5725E-02,9.9966E-02,1.1284E-01,0.0000E+00,4.0000E+00,8.9626E-02,3.3756E-04,4.5461E-04,-4.2087E-04
10,4.3000E+02,7.6200E+02,6.9999E-03,4.7177E-01,2.5052E+01,1.3015E+00,2.5141E-01,8.4057E-04,2.1984E-02,-1.9998E-02,2.0255E-01,7.4923E-02,0.0000E+00,4.0000E+00,1.8160E-01,-3.0746E-04,-5.9470E-05,-1.4921E-04
11,4.3000E+02,7.6200E+02,1.8904E-01,4.3078E-01,2.5052E+01,1.3015E+00,2.5141E-01,-1.9770E-02,1.5072E-02,-1.4859E-02,1.4238E-01,7.9365E-02,0.0000E+00,4.0000E+00,1.2765E-01,3.3172E-05,5.5709E-04,-3.0166E-04
12,4.3000E+02,7.6200E+02,1.9030E-01,4.7737E-01,2.5052E+01,1.3015E+00,2.5141E-01,-1.8994E-02,1.6358E-02,-2.6495E-02,1.3535E-01,6.5468E-02,0.0000E+00,4.0000E+00,1.2135E-01,-1.2099E-04,-2.0867E-04,-3.6800E-04
13,4.3000E+02,7.6200E+02,5.1636E-02,4.5259E-01,2.5052E+01,1.3015E+00,2.5141E-01,-9.7331E-03,2.1075E-02,5.3165E-02,1.5518E-01,9.9747E-02,0.0000E+00,4.0000E+00,1.3913E-01,-8.5076E-04,5.3807E-04,-1.2597E-04
14,4.3000E+02,7.6200E+02,-1.6643E-02,7.9279E-01,2.5052E+01,1.3015E+00,2.5141E-01,-1.0837E-03,3.2146E-02,4.2114E-02,1.4513E-01,1.3941E-01,0.0000E+00,4.0000E+00,1.3012E-01,3.1563E-05,7.7926E-04,-1.7288E-04
15,4.3000E+02,7.6200E+02,1.3192E-02,4.6008E-01,2.5052E+01,1.3015E+00,2.5141E-01,8.3065E-04,2.0171E-02,-2.8578E-02,1.2957E-01,8.4823E-02,0.0000E+00,4.0000E+00,1.1617E-01,5.5256E-04,1.4508E-05,-4.5312E-04
16,4.3000E+02,7.6200E+02,-1.1137E-01,8.4934E-01,2.5052E+01,1.3015E+00,2.5141E-01,5.7978E-03,3.4756E-02,9.0684E-02,1.9621E-01,1.4498E-01,0.0000E+00,4.0000E+00,1.7592E-01,6.1241E-04,-6.2212E-04,-1.2475E-04
17,4.3000E+02,7.6200E+02,6.5875E-02,5.8772E-01,2.5052E+01,1.3015E+00,2.5141E-01,-7.9078E-03,2.4301E-02,9.7255E-03,1.7542E-01,1.1283E-01,0.0000E+00,4.0000E+00,1.5728E-01,2.2043E-04,1.9906E-04,-2.4202E-04
18,4.3000E+02,7.6200E+02,3.8523E-02,4.3720E-01,2.5052E+01,1.3015E+00,2.5141E-01,-3.0536E-03,1.6204E-02,-1.3948E-02,1.6427E-01,6.2797E-02,0.0000E+00,4.0000E+00,1.4728E-01,4.4891E-04,7.3953E-04,-3.1081E-04
19,4.3000E+02,7.6200E+02,2.0337E-02,6.5541E-01,2.5052E+01,1.3015E+00,2.5141E-01,-3.1298E-03,2.3455E-02,1.5151E-02,1.8189E-01,6.2536E-02,0.0000E+00,4.0000E+00,1.6308E-01,-2.8241E-04,4.2380E-04,-2.1894E-04
20,4.3000E+02,7.6200E+02,6.3487E-02,5.8440E-01,2.5052E+01,1.3015E+00,2.5141E-01,1.4125E-03,2.3536E-02,-1.0868E-01,1.4747E-01,8.8121E-02,0.0000E+00,4.0000E+00,1.3222E-01,4.0592E-04,2.7423E-04,-1.7982E-04
21,4.3000E+02,7.6200E+02,2.2183E-01,5.0446E-01,2.5052E+01,1.3015E+00,2.5141E-01,-2.3055E-02,2.0979E-02,-2.0339E-02,1.3315E-01,7.8959E-02,0.0000E+00,4.0000E+00,1.1938E-01,2.4985E-04,3.9265E-04,-1.1691E-04
22,4.3000E+02,7.6200E+02,-9.8388E-02,3.5794E-02,2.5052E+01,1.3015E+00,2.5141E-01,-1.2454E-02,1.5334E-02,3.0285E-01,1.4417E-01,1.0563E-01,0.0000E+00,4.0000E+00,1.2925E-01,-7.0363E-05,-3.8968E-04,1.0182E-04
23,4.3000E+02,7.6200E+02,-7.2740E-01,-1.1360E+00,2.5052E+01,1.3015E+00,2.5141E-01,1.2110E-02,-3.2344E-03,8.8543E-01,1.7556E-01,9.7281E-02,0.0000E+00,4.0000E+00,1.5740E-01,6.8130E-04,-3.0265E-04,-1.0922E-05
24,4.3000E+02,7.6200E+02,-1.0300E+00,-2.0734E+00,2.5052E+01,1.3015E+00,2.5141E-01,-2.2687E-03,-3.0969E-02,1.5062E+00,2.7029E-01,1.3600E-01,0.0000E+00,4.0000E+00,2.4234E-01,0.0000E+00,0.0000E+00,0.0000E+00
25,4.3000E+02,7.6200E+02,-1.6854E+00,-2.7911E+00,2.5052E+01,1.3015E+00,2.5141E-01,2.5457E-02,-3.6856E-02,2.0858E+00,1.5559E-01,9.1188E-02,0.0000E+00,4.0000E+00,1.3950E-01,0.0000E+00,0.0000E+00,0.0000E+00
26,4.3000E+02,7.6200E+02,-2.2343E+00,-3.5454E+00,2.5052E+01,1.3015E+00,2.5141E-01,3.5209E-02,-3.9569E-02,2.7418E+00,1.9153E-01,1.0063E-01,0.0000E+00,4.0000E+00,1.7172E-01,0.0000E+00,0.0000E+00,0.0000E+00
27,4.3000E+02,7.6200E+02,-2.6189E+00,-4.1460E+00,2.5052E+01,1.3015E+00,2.5141E-01,4.0216E-02,-5.8722E-02,3.2280E+00,1.2902E-01,8.7414E-02,0.0000E+00,4.0000E+00,1.1567E-01,0.0000E+00,0.0000E+00,0.0000E+00
28,4.3000E+02,7.6200E+02,-3.1756E+00,-5.1715E+00,2.5052E+01,1.3015E+00,2.5141E-01,5.8509E-02,-6.9413E-02,3.7789E+00,1.3811E-01,1.6682E-01,0.0000E+00,4.0000E+00,1.2382E-01,0.0000E+00,0.0000E+00,0.0000E+00
29,4.3000E+02,7.6200E+02,-3.6915E+00,-5.6580E+00,2.5052E+01,1.3015E+00,2.5141E-01,7.9510E-02,-7.2686E-02,4.2411E+00,1.6909E-01,8.9098E-02,0.0000E+00,4.0000E+00,1.5160E-01,0.0000E+00,0.0000E+00,0.0000E+00
30,4.3000E+02,7.6200E+02,-4.1635E+00,-6.6474E+00,2.5052E+01,1.3015E+00,2.5141E-01,8.6619E-02,-9.3698E-02,4.8159E+00,1.7873E-01,8.6302E-02,0.0000E+00,4.0000E+00,1.6024E-01,0.0000E+00,0.0000E+00,0.0000E+00
31,4.3000E+02,7.6200E+02,-4.6500E+00,-7.7829E+00,2.5052E+01,1.3015E+00,2.5141E-01,9.9546E-02,-1.1307E-01,5.3323E+00,2.0585E-01,1.3049E-01,0.0000E+00,4.0000E+00,1.8456E-01,0.0000E+00,0.0000E+00,0.0000E+00
32,4.3000E+02,7.6200E+02,-5.4529E+00,-8.5929E+00,2.5052E+01,1.3015E+00,2.5141E-01,1.3492E-01,-1.1904E-01,6.0096E+00,1.6262E-01,8.2054E-02,0.0000E+00,4.0000E+00,1.4580E-01,0.0000E+00,0.0000E+00,0.0000E+00
33,4.3000E+02,7.6200E+02,-6.0489E+00,-9.3071E+00,2.5052E+01,1.3015E+00,2.5141E-01,1.4644E-01,-1.2650E-01,6.6992E+00,1.8657E-01,8.7212E-02,0.0000E+00,4.0000E+00,1.6728E-01,0.0000E+00,0.0000E+00,0.0000E+00
34,4.3000E+02,7.6200E+02,-6.4859E+00,-1.0314E+01,2.5052E+01,1.3015E+00,2.5141E-01,1.5274E-01,-1.5093E-01,7.2289E+00,1.1594E-01,8.2769E-02,0.0000E+00,4.0000E+00,1.0395E-01,0.0000E+00,0.0000E+00,0.0000E+00
35,4.3000E+02,7.6200E+02,-7.0386E+00,-1.1527E+01,2.5052E+01,1.3015E+00,2.5141E-01,1.6543E-01,-1.6769E-01,7.8338E+00,1.1098E-01,7.1004E-02,0.0000E+00,4.0000E+00,9.9502E-02,0.0000E+00,0.0000E+00,0.0000E+00
36,4.3000E+02,7.6200E+02,-7.6203E+00,-1.2258E+01,2.5052E+01,1.3015E+00,2.5141E-01,1.8257E-01,-1.7897E-01,8.4261E+00,1.2819E-01,7.6830E-02,0.0000E+00,4.0000E+00,1.1493E-01,0.0000E+00,0.0000E+00,0.0000E+00
37,4.3000E+02,7.6200E+02,-8.1121E+00,-1.3023E+01,2.5052E+01,1.3015E+00,2.5141E-01,1.9125E-01,-1.8727E-01,8.9974E+00,1.6606E-01,1.7215E-01,0.0000E+00,4.0000E+00,1.4888E-01,0.0000E+00,0.0000E+00,0.0000E+00
38,4.3000E+02,7.6200E+02,-8.6783E+00,-1.3772E+01,2.5052E+01,1.3015E+00,2.5141E-01,2.0920E-01,-1.9825E-01,9.5539E+00,1.5091E-01,1.3408E-01,0.0000E+00,4.0000E+00,1.3530E-01,0.0000E+00,0.0000E+00,0.0000E+00
39,4.3000E+02,7.6200E+02,-9.0471E+00,-1.4613E+01,2.5052E+01,1.3015E+00,2.5141E-01,2.0859E-01,-2.1492E-01,1.0070E+01,1.4981E-01,9.7720E-02,0.0000E+00,4.0000E+00,1.3432E-01,0.0000E+00,0.0000E+00,0.0000E+00
40,4.3000E+02,7.6200E+02,-9.2835E+00,-1.4783E+01,2.5052E+01,1.3015E+00,2.5141E-01,2.2293E-01,-2.2010E-01,1.0216E+01,1.8437E-01,9.0770E-02,0.0000E+00,4.0000E+00,1.6530E-01,0.0000E+00,0.0000E+00,0.0000E+00
41,4.3000E+02,7.6200E+02,-8.8439E+00,-1.3891E+01,2.5052E+01,1.3015E+00,2.5141E-01,2.1420E-01,-1.9896E-01,9.7205E+00,1.1635E-01,9.6717E-02,0.0000E+00,4.0000E+00,1.0432E-01,0.0000E+00,0.0000E+00,0.0000E+00
42,4.3000E+02,7.6200E+02,-8.2714E+00,-1.3050E+01,2.5052E+01,1.3015E+00,2.5141E-01,1.9805E-01,-1.8734E-01,9.1338E+00,2.2995E-01,1.0984E-01,0.0000E+00,4.0000E+00,2.0617E-01,0.0000E+00,0.0000E+00,0.0000E+00
43,4.3000E+02,7.6200E+02,-7.5496E+00,-1.2148E+01,2.5052E+01,1.3015E+00,2.5141E-01,1.7948E-01,-1.7973E-01,8.3681E+00,2.3367E-01,9.0138E-02,0.0000E+00,4.0000E+00,2.0950E-01,0.0000E+00,0.0000E+00,0.0000E+00
44,4.3000E+02,7.6200E+02,-7.1944E+00,-1.1091E+01,2.5052E+01,1.3015E+00,2.5141E-01,1.7787E-01,-1.5495E-01,7.8970E+00,1.2668E-01,1.3560E-01,0.0000E+00,4.0000E+00,1.1358E-01,0.0000E+00,0.0000E+00,0.0000E+00
45,4.3000E+02,7.6200E+02,-6.6679E+00,-1.0232E+01,2.5052E+01,1.3015E+00,2.5141E-01,1.7220E-01,-1.3881E-01,7.2343E+00,1.5931E-01,9.2036E-02,0.0000E+00,4.0000E+00,1.4283E-01,0.0000E+00,0.0000E+00,0.0000E+00
46,4.3000E+02,7.6200E+02,-5.9481E+00,-9.2571E+00,2.5052E+01,1.3015E+00,2.5141E-01,1.4809E-01,-1.2889E-01,6.5362E+00,1.7583E-01,1.1358E-01,0.0000E+00,4.0000E+00,1.5765E-01,0.0000E+00,0.0000E+00,0.0000E+00
47,4.3000E+02,7.6200E+02,-5.3740E+00,-8.2087E+00,2.5052E+01,1.3015E+00,2.5141E-01,1.3582E-01,-1.0512E-01,5.8876E+00,1.6592E-01,8.4841E-02,0.0000E+00,4.0000E+00,1.4876E-01,0.0000E+00,0.0000E+00,0.0000E+00
48,4.3000E+02,7.6200E+02,-4.7201E+00,-7.1772E+00,2.5052E+01,1.3015E+00,2.5141E-01,1.1550E-01,-9.6097E-02,5.2309E+00,1.6895E-01,1.3061E-01,0.0000E+00,4.0000E+00,1.5148E-01,0.0000E+00,0.0000E+00,0.0000E+00
49,4.3000E+02,7.6200E+02,-4.1370E+00,-6.3887E+00,2.5052E+01,1.3015E+00,2.5141E-01,9.1284E-02,-7.5126E-02,4.7165E+00,9.2668E-02,9.7641E-02,0.0000E+00,4.0000E+00,8.3083E-02,0.0000E+00,0.0000E+00,0.0000E+00
50,4.3000E+02,7.6200E+02,-3.4685E+00,-5.6774E+00,2.5052E+01,1.3015E+00,2.5141E-01,7.1229E-02,-7.8080E-02,4.0294E+00,1.3219E-01,7.9479E-02,0.0000E+00,4.0000E+00,1.1851E-01,0.0000E+00,0.0000E+00,0.0000E+00
51,4.3000E+02,7.6200E+02,-3.2884E+00,-4.6509E+00,2.5052E+01,1.3015E+00,2.5141E-01,7.5598E-02,-4.6024E-02,3.7209E+00,1.0355E-01,8.7956E-02,0.0000E+00,4.0000E+00,9.2836E-02,0.0000E+00,0.0000E+00,0.0000E+00
52,4.3000E+02,7.6200E+02,-2.7448E+00,-4.0282E+00,2.5052E+01,1.3015E+00,2.5141E-01,6.6625E-02,-4.4030E-02,3.0639E+00,1.8933E-01,7.7768E-02,0.0000E+00,4.0000E+00,1.6975E-01,0.0000E+00,0.0000E+00,0.0000E+00
53,4.3000E+02,7.6200E+02,-2.3398E+00,-3.3752E+00,2.5052E+01,1.3015E+00,2.5141E-01,5.1446E-02,-3.8871E-02,2.6856E+00,2.0640E-01,7.1863E-02,0.0000E+00,4.0000E+00,1.8505E-01,0.0000E+00,0.0000E+00,0.0000E+00
54,4.3000E+02,7.6200E+02,-1.8070E+00,-2.2505E+00,2.5052E+01,1.3015E+00,2.5141E-01,4.4387E-02,-1.2916E-02,2.0171E+00,1.8176E-01,1.1847E-01,0.0000E+00,4.0000E+00,1.6296E-01,0.0000E+00,0.0000E+00,0.0000E+00
55,4.3000E+02,7.6200E+02,-1.2455E+00,-1.1624E+00,2.5052E+01,1.3015E+00,2.5141E-01,3.5071E-02,4.8263E-03,1.3363E+00,1.5752E-01,1.1926E-01,0.0000E+00,4.0000E+00,1.4123E-01,0.0000E+00,0.0000E+00,0.0000E+00
56,4.3000E+02,7.6200E+02,-6.4444E-01,-5.1400E-01,2.5052E+01,1.3015E+00,2.5141E-01,1.3996E-02,1.4315E-02,7.4478E-01,1.8120E-01,7.8472E-02,0.0000E+00,4.0000E+00,1.6246E-01,0.0000E+00,0.0000E+00,0.0000E+00
57,4.3000E+02,7.6200E+02,-3.2983E-01,4.2576E-01,2.5052E+01,1.3015E+00,2.5141E-01,1.5974E-02,3.2944E-02,2.6998E-01,1.4651E-01,1.0185E-01,0.0000E+00,4.0000E+00,1.3135E-01,0.0000E+00,0.0000E+00,0.0000E+00
58,4.3000E+02,7.6200E+02,-7.5935E-02,8.5922E-01,2.5052E+01,1.3015E+00,2.5141E-01,6.7194E-03,4.3657E-02,2.4218E-02,1.5243E-01,1.2331E-01,0.0000E+00,4.0000E+00,1.3666E-01,0.0000E+00,0.0000E+00,0.0000E+00
59,4.3000E+02,7.6200E+02,1.2559E-01,5.8224E-01,2.5052E+01,1.3015E+00,2.5141E-01,-1.2085E-03,2.1505E-02,-1.6462E-01,1.0589E-01,7.6045E-02,0.0000E+00,4.0000E+00,9.4935E-02,0.0000E+00,0.0000E+00,0.0000E+00
60,4.3000E+02,7.6200E+02,-1.0026E-01,7.7602E-01,2.5052E+01,1.3015E+00,2.5141E-01,5.1183E-03,3.7343E-02,8.1257E-02,1.6867E-01,8.6185E-02,0.0000E+00,4.0000E+00,1.5123E-01,0.0000E+00,0.0000E+00,0.0000E+00
61,4.3000E+02,7.6200E+02,-1.6409E-01,7.8536E-01,2.5052E+01,1.3015E+00,2.5141E-01,1.3252E-02,4.2846E-02,6.6544E-02,1.7804E-01,8.0471E-02,0.0000E+00,4.0000E+00,1.5962E-01,0.0000E+00,0.0000E+00,0.0000E+00
62,4.3000E+02,7.6200E+02,-9.0854E-02,6.0986E-01,2.5052E+01,1.3015E+00,2.5141E-01,5.9416E-03,3.4712E-02,5.4749E-02,1.5890E-01,8.3058E-02,0.0000E+00,4.0000E+00,1.4246E-01,0.0000E+00,0.0000E+00,0.0000E+00
63,4.3000E+02,7.6200E+02,-6.7946E-02,7.6575E-01,2.5052E+01,1.3015E+00,2.5141E-01,8.5018E-03,3.8675E-02,-1.0855E-02,1.7639E-01,1.1744E-01,0.0000E+00,4.0000E+00,1.5814E-01,0.0000E+00,0.0000E+00,0.0000E+00
64,4.3000E+02,7.6200E+02,-2.5248E-01,1.0453E+00,2.5052E+01,1.3015E+00,2.5141E-01,2.0308E-02,5.4861E-02,1.0406E-01,1.6317E-01,9.7721E-02,0.0000E+00,4.0000E+00,1.4629E-01,0.0000E+00,0.0000E+00,0.0000E+00
65,4.3000E+02,7.6200E+02,-1.0583E-01,7.6465E-01,2.5052E+01,1.3015E+00,2.5141E-01,6.9648E-03,3.8938E-02,6.4534E-02,1.4306E-01,9.4980E-02,0.0000E+00,4.0000E+00,1.2827E-01,0.0000E+00,0.0000E+00,0.0000E+00
66,4.3000E+02,7.6200E+02,-1.3127E-01,7.0681E-01,2.5052E+01,1.3015E+00,2.5141E-01,1.0487E-02,3.6447E-02,5.5395E-02,1.5862E-01,9.6790E-02,0.0000E+00,4.0000E+00,1.4222E-01,0.0000E+00,0.0000E+00,0.0000E+00
67,4.3000E+02,7.6200E+02,-2.1356E-01,1.0137E+00,2.5052E+01,1.3015E+00,2.5141E-01,1.4577E-02,5.1506E-02,1.2271E-01,1.4114E-01,9.8018E-02,0.0000E+00,4.0000E+00,1.2654E-01,0.0000E+00,0.0000E+00,0.0000E+00
68,4.3000E+02,7.6200E+02,-1.4251E-01,7.9834E-01,2.5052E+01,1.3015E+00,2.5141E-01,6.0190E-03,4.4566E-02,1.2939E-01,1.2048E-01,8.2101E-02,0.0000E+00,4.0000E+00,1.0802E-01,0.0000E+00,0.0000E+00,0.0000E+00
69,4.3000E+02,7.6200E+02,-7.1858E-02,7.8827E-01,2.5052E+01,1.3015E+00,2.5141E-01,5.6373E-03,3.8075E-02,3.2916E-02,1.6606E-01,1.1125E-01,0.0000E+00,4.0000E+00,1.4888E-01,0.0000E+00,0.0000E+00,0.0000E+00
70,4.3000E+02,7.6200E+02,-4.0590E-02,5.7913E-01,2.5052E+01,1.3015E+00,2.5141E-01,4.0428E-03,3.5938E-02,5.3348E-03,1.8120E-01,9.1845E-02,0.0000E+00,4.0000E+00,1.6246E-01,0.0000E+00,0.0000E+00,0.0000E+00
71,4.3000E+02,7.6200E+02,-1.6950E-01,7.7546E-01,2.5052E+01,1.3015E+00,2.5141E-01,1.4881E-02,3.9212E-02,5.4054E-02,1.7253E-01,7.5663E-02,0.0000E+00,4.0000E+00,1.5469E-01,0.0000E+00,0.0000E+00,0.0000E+00
72,4.3000E+02,7.6200E+02,-1.9574E-01,9.6549E-01,2.5052E+01,1.3015E+00,2.5141E-01,1.7168E-02,4.4456E-02,6.4076E-02,1.7583E-01,8.8386E-02,0.0000E+00,4.0000E+00,1.5765E-01,0.0000E+00,0.0000E+00,0.0000E+00
