FRAME,COORDINATE_X,COORDINATE_Y,DISPLACEMENT_X,DISPLACEMENT_Y,MODEL_COORDINATES_X,MODEL_COORDINATES_Y,MODEL_COORDINATES_Z,MODEL_DISPLACEMENT_X,MODEL_DISPLACEMENT_Y,MODEL_DISPLACEMENT_Z,SIGMA,GAMMA,BETA,STATUS_FLAG,UNCERTAINTY,VSG_STRAIN_XX,VSG_STRAIN_YY,VSG_STRAIN_XY
0,3.6700E+02,7.6200E+02,2.6186E-01,6.3349E-02,3.2094E+01,1.2822E+00,2.9988E-01,-2.3309E-02,7.7968E-03,-6.8537E-02,1.0890E-01,1.1373E-01,0.0000E+00,4.0000E+00,8.1355E-02,5.8254E-05,2.4032E-04,-3.0014E-05
1,3.6700E+02,7.6200E+02,2.6186E-01,6.3349E-02,3.2094E+01,1.2822E+00,2.9988E-01,-1.9341E-02,5.2628E-03,-1.1200E-01,-1.0000E+00,-1.0000E+00,-1.0000E+00,1.1000E+01,0.0000E+00,0.0000E+00,0.0000E+00,0.0000E+00
2,3.6700E+02,7.6200E+02,2.6186E-01,6.3349E-02,3.2094E+01,1.2822E+00,2.9988E-01,-1.8917E-02,1.1590E-02,-1.1854E-01,-1.0000E+00,-1.0000E+00,-1.0000E+00,5.0000E+00,0.0000E+00,0.0000E+00,0.0000E+00,0.0000E+00
3,3.6700E+02,7.6200E+02,2.6186E-01,6.3349E-02,3.2094E+01,1.2822E+00,2.9988E-01,-2.1128E-02,-7.5503E-04,-9.0301E-02,-1.0000E+00,-1.0000E+00,-1.0000E+00,5.0000E+00,0.0000E+00,0.0000E+00,0.0000E+00,0.0000E+00
4,3.6700E+02,7.6200E+02,2.6186E-01,6.3349E-02,3.2094E+01,1.2822E+00,2.9988E-01,-2.1128E-02,-7.5503E-04,-9.0301E-02,-1.0000E+00,-1.0000E+00,-1.0000E+00,5.0000E+00,0.0000E+00,0.0000E+00,0.0000E+00,0.0000E+00
5,3.6700E+02,7.6200E+02,2.6186E-01,6.3349E-02,3.2094E+01,1.2822E+00,2.9988E-01,-2.1128E-02,-7.5503E-04,-9.0301E-02,-1.0000E+00,-1.0000E+00,-1.0000E+00,5.0000E+00,0.0000E+00,0.0000E+00,0.0000E+00,0.0000E+00
6,3.6700E+02,7.6200E+02,2.6186E-01,6.3349E-02,3.2094E+01,1.2822E+00,2.9988E-01,-2.1128E-02,-7.5503E-04,-9.0301E-02,-1.0000E+00,-1.0000E+00,-1.0000E+00,5.0000E+00,0.0000E+00,0.0000E+00,0.0000E+00,0.0000E+00
7,3.6700E+02,7.6200E+02,2.6186E-01,6.3349E-02,3.2094E+01,1.2822E+00,2.9988E-01,-2.1128E-02,-7.5503E-04,-9.0301E-02,-1.0000E+00,-1.0000E+00,-1.0000E+00,5.0000E+00,0.0000E+00,0.0000E+00,0.0000E+00,0.0000E+00
8,3.6700E+02,7.6200E+02,2.6186E-01,6.3349E-02,3.2094E+01,1.2822E+00,2.9988E-01,-2.1128E-02,-7.5503E-04,-9.0301E-02,-1.0000E+00,-1.0000E+00,-1.0000E+00,5.0000E+00,0.0000E+00,0.0000E+00,0.0000E+00,0.0000E+00
9,3.6700E+02,7.6200E+02,2.6186E-01,6.3349E-02,3.2094E+01,1.2822E+00,2.9988E-01,-2.1128E-02,-7.5503E-04,-9.0301E-02,-1.0000E+00,-1.0000E+00,-1.0000E+00,5.0000E+00,0.0000E+00,0.0000E+00,0.0000E+00,0.0000E+00
10,3.6700E+02,7.6200E+02,2.6186E-01,6.3349E-02,3.2094E+01,1.2822E+00,2.9988E-01,-2.1128E-02,-7.5503E-04,-9.0301E-02,-1.0000E+00,-1.0000E+00,-1.0000E+00,5.0000E+00,0.0000E+00,0.0000E+00,0.0000E+00,0.0000E+00
11,3.6700E+02,7.6200E+02,2.6186E-01,6.3349E-02,3.2094E+01,1.2822E+00,2.9988E-01,-2.1128E-02,-7.5503E-04,-9.0301E-02,-1.0000E+00,-1.0000E+00,-1.0000E+00,5.0000E+00,0.0000E+00,0.0000E+00,0.0000E+00,0.0000E+00
12,3.6700E+02,7.6200E+02,2.6186E-01,6.3349E-02,3.2094E+01,1.2822E+00,2.9988E-01,-2.1128E-02,-7.5503E-04,-9.0301E-02,-1.0000E+00,-1.0000E+00,-1.0000E+00,5.0000E+00,0.0000E+00,0.0000E+00,0.0000E+00,0.0000E+00
13,3.6700E+02,7.6200E+02,2.6186E-01,6.3349E-02,3.2094E+01,1.2822E+00,2.9988E-01,-2.1128E-02,-7.5503E-04,-9.0301E-02,-1.0000E+00,-1.0000E+00,-1.0000E+00,5.0000E+00,0.0000E+00,0.0000E+00,0.0000E+00,0.0000E+00
14,3.6700E+02,7.6200E+02,2.6186E-01,6.3349E-02,3.2094E+01,1.2822E+00,2.9988E-01,-2.1128E-02,-7.5503E-04,-9.0301E-02,-1.0000E+00,-1.0000E+00,-1.0000E+00,5.0000E+00,0.0000E+00,0.0000E+00,0.0000E+00,0.0000E+00
15,3.6700E+02,7.6200E+02,2.6186E-01,6.3349E-02,3.2094E+01,1.2822E+00,2.9988E-01,-2.1128E-02,-7.5503E-04,-9.0301E-02,-1.0000E+00,-1.0000E+00,-1.0000E+00,5.0000E+00,0.0000E+00,0.0000E+00,0.0000E+00,0.0000E+00
16,3.6700E+02,7.6200E+02,2.6186E-01,6.3349E-02,3.2094E+01,1.2822E+00,2.9988E-01,-2.1128E-02,-7.5503E-04,-9.0301E-02,-1.0000E+00,-1.0000E+00,-1.0000E+00,5.0000E+00,0.0000E+00,0.0000E+00,0.0000E+00,0.0000E+00
17,3.6700E+02,7.6200E+02,2.6186E-01,6.3349E-02,3.2094E+01,1.2822E+00,2.9988E-01,-2.1128E-02,-7.5503E-04,-9.0301E-02,-1.0000E+00,-1.0000E+00,-1.0000E+00,5.0000E+00,0.0000E+00,0.0000E+00,0.0000E+00,0.0000E+00
18,3.6700E+02,7.6200E+02,2.6186E-01,6.3349E-02,3.2094E+01,1.2822E+00,2.9988E-01,-2.1128E-02,-7.5503E-04,-9.0301E-02,-1.0000E+00,-1.0000E+00,-1.0000E+00,5.0000E+00,0.0000E+00,0.0000E+00,0.0000E+00,0.0000E+00
19,3.6700E+02,7.6200E+02,2.6186E-01,6.3349E-02,3.2094E+01,1.2822E+00,2.9988E-01,-2.1128E-02,-7.5503E-04,-9.0301E-02,-1.0000E+00,-1.0000E+00,-1.0000E+00,5.0000E+00,0.0000E+00,0.0000E+00,0.0000E+00,0.0000E+00
20,3.6700E+02,7.6200E+02,2.6186E-01,6.3349E-02,3.2094E+01,1.2822E+00,2.9988E-01,-2.1128E-02,-7.5503E-04,-9.0301E-02,-1.0000E+00,-1.0000E+00,-1.0000E+00,5.0000E+00,0.0000E+00,0.0000E+00,0.0000E+00,0.0000E+00
21,3.6700E+02,7.6200E+02,2.6186E-01,6.3349E-02,3.2094E+01,1.2822E+00,2.9988E-01,-2.1128E-02,-7.5503E-04,-9.0301E-02,-1.0000E+00,-1.0000E+00,-1.0000E+00,5.0000E+00,0.0000E+00,0.0000E+00,0.0000E+00,0.0000E+00
22,3.6700E+02,7.6200E+02,2.6186E-01,6.3349E-02,3.2094E+01,1.2822E+00,2.9988E-01,-2.1128E-02,-7.5503E-04,-9.0301E-02,-1.0000E+00,-1.0000E+00,-1.0000E+00,5.0000E+00,0.0000E+00,0.0000E+00,0.0000E+00,0.0000E+00
23,3.6700E+02,7.6200E+02,2.6186E-01,6.3349E-02,3.2094E+01,1.2822E+00,2.9988E-01,-2.1128E-02,-7.5503E-04,-9.0301E-02,-1.0000E+00,-1.0000E+00,-1.0000E+00,5.0000E+00,0.0000E+00,0.0000E+00,0.0000E+00,0.0000E+00
24,3.6700E+02,7.6200E+02,2.6186E-01,6.3349E-02,3.2094E+01,1.2822E+00,2.9988E-01,-2.1128E-02,-7.5503E-04,-9.0301E-02,-1.0000E+00,-1.0000E+00,-1.0000E+00,5.0000E+00,0.0000E+00,0.0000E+00,0.0000E+00,0.0000E+00
25,3.6700E+02,7.6200E+02,2.6186E-01,6.3349E-02,3.2094E+01,1.2822E+00,2.9988E-01,-2.1128E-02,-7.5503E-04,-9.0301E-02,-1.0000E+00,-1.0000E+00,-1.0000E+00,5.0000E+00,0.0000E+00,0.0000E+00,0.0000E+00,0.0000E+00
26,3.6700E+02,7.6200E+02,2.6186E-01,6.3349E-02,3.2094E+01,1.2822E+00,2.9988E-01,-2.1128E-02,-7.5503E-04,-9.0301E-02,-1.0000E+00,-1.0000E+00,-1.0000E+00,5.0000E+00,0.0000E+00,0.0000E+00,0.0000E+00,0.0000E+00
27,3.6700E+02,7.6200E+02,2.6186E-01,6.3349E-02,3.2094E+01,1.2822E+00,2.9988E-01,-2.1128E-02,-7.5503E-04,-9.0301E-02,-1.0000E+00,-1.0000E+00,-1.0000E+00,5.0000E+00,0.0000E+00,0.0000E+00,0.0000E+00,0.0000E+00
28,3.6700E+02,7.6200E+02,2.6186E-01,6.3349E-02,3.2094E+01,1.2822E+00,2.9988E-01,-2.1128E-02,-7.5503E-04,-9.0301E-02,-1.0000E+00,-1.0000E+00,-1.0000E+00,5.0000E+00,0.0000E+00,0.0000E+00,0.0000E+00,0.0000E+00
29,3.6700E+02,7.6200E+02,2.6186E-01,6.3349E-02,3.2094E+01,1.2822E+00,2.9988E-01,-2.1128E-02,-7.5503E-04,-9.0301E-02,-1.0000E+00,-1.0000E+00,-1.0000E+00,5.0000E+00,0.0000E+00,0.0000E+00,0.0000E+00,0.0000E+00
30,3.6700E+02,7.6200E+02,2.6186E-01,6.3349E-02,3.2094E+01,1.2822E+00,2.9988E-01,-2.1128E-02,-7.5503E-04,-9.0301E-02,-1.0000E+00,-1.0000E+00,-1.0000E+00,5.0000E+00,0.0000E+00,0.0000E+00,0.0000E+00,0.0000E+00
31,3.6700E+02,7.6200E+02,2.6186E-01,6.3349E-02,3.2094E+01,1.2822E+00,2.9988E-01,-2.1128E-02,-7.5503E-04,-9.0301E-02,-1.0000E+00,-1.0000E+00,-1.0000E+00,5.0000E+00,0.0000E+00,0.0000E+00,0.0000E+00,0.0000E+00
32,3.6700E+02,7.6200E+02,2.6186E-01,6.3349E-02,3.2094E+01,1.2822E+00,2.9988E-01,-2.1128E-02,-7.5503E-04,-9.0301E-02,-1.0000E+00,-1.0000E+00,-1.0000E+00,5.0000E+00,0.0000E+00,0.0000E+00,0.0000E+00,0.0000E+00
33,3.6700E+02,7.6200E+02,2.6186E-01,6.3349E-02,3.2094E+01,1.2822E+00,2.9988E-01,-2.1128E-02,-7.5503E-04,-9.0301E-02,-1.0000E+00,-1.0000E+00,-1.0000E+00,5.0000E+00,0.0000E+00,0.0000E+00,0.0000E+00,0.0000E+00
34,3.6700E+02,7.6200E+02,2.6186E-01,6.3349E-02,3.2094E+01,1.2822E+00,2.9988E-01,-2.1128E-02,-7.5503E-04,-9.0301E-02,-1.0000E+00,-1.0000E+00,-1.0000E+00,5.0000E+00,0.0000E+00,0.0000E+00,0.0000E+00,0.0000E+00
35,3.6700E+02,7.6200E+02,2.6186E-01,6.3349E-02,3.2094E+01,1.2822E+00,2.9988E-01,-2.1128E-02,-7.5503E-04,-9.0301E-02,-1.0000E+00,-1.0000E+00,-1.0000E+00,5.0000E+00,0.0000E+00,0.0000E+00,0.0000E+00,0.0000E+00
36,3.6700E+02,7.6200E+02,2.6186E-01,6.3349E-02,3.2094E+01,1.2822E+00,2.9988E-01,-2.1128E-02,-7.5503E-04,-9.0301E-02,-1.0000E+00,-1.0000E+00,-1.0000E+00,5.0000E+00,0.0000E+00,0.0000E+00,0.0000E+00,0.0000E+00
37,3.6700E+02,7.6200E+02,2.6186E-01,6.3349E-02,3.2094E+01,1.2822E+00,2.9988E-01,-2.1128E-02,-7.5503E-04,-9.0301E-02,-1.0000E+00,-1.0000E+00,-1.0000E+00,5.0000E+00,0.0000E+00,0.0000E+00,0.0000E+00,0.0000E+00
38,3.6700E+02,7.6200E+02,2.6186E-01,6.3349E-02,3.2094E+01,1.2822E+00,2.9988E-01,-2.1128E-02,-7.5503E-04,-9.0301E-02,-1.0000E+00,-1.0000E+00,-1.0000E+00,5.0000E+00,0.0000E+00,0.0000E+00,0.0000E+00,0.0000E+00
39,3.6700E+02,7.6200E+02,2.6186E-01,6.3349E-02,3.2094E+01,1.2822E+00,2.9988E-01,-2.1128E-02,-7.5503E-04,-9.0301E-02,-1.0000E+00,-1.0000E+00,-1.0000E+00,5.0000E+00,0.0000E+00,0.0000E+00,0.0000E+00,0.0000E+00
40,3.6700E+02,7.6200E+02,2.6186E-01,6.3349E-02,3.2094E+01,1.2822E+00,2.9988E-01,-2.1128E-02,-7.5503E-04,-9.0301E-02,-1.0000E+00,-1.0000E+00,-1.0000E+00,5.0000E+00,0.0000E+00,0.0000E+00,0.0000E+00,0.0000E+00
41,3.6700E+02,7.6200E+02,2.6186E-01,6.3349E-02,3.2094E+01,1.2822E+00,2.9988E-01,-2.1128E-02,-7.5503E-04,-9.0301E-02,-1.0000E+00,-1.0000E+00,-1.0000E+00,5.0000E+00,0.0000E+00,0.0000E+00,0.0000E+00,0.0000E+00
42,3.6700E+02,7.6200E+02,2.6186E-01,6.3349E-02,3.2094E+01,1.2822E+00,2.9988E-01,-2.1128E-02,-7.5503E-04,-9.0301E-02,-1.0000E+00,-1.0000E+00,-1.0000E+00,5.0000E+00,0.0000E+00,0.0000E+00,0.0000E+00,0.0000E+00
43,3.6700E+02,7.6200E+02,2.6186E-01,6.3349E-02,3.2094E+01,1.2822E+00,2.9988E-01,-2.1128E-02,-7.5503E-04,-9.0301E-02,-1.0000E+00,-1.0000E+00,-1.0000E+00,5.0000E+00,0.0000E+00,0.0000E+00,0.0000E+00,0.0000E+00
44,3.6700E+02,7.6200E+02,2.6186E-01,6.3349E-02,3.2094E+01,1.2822E+00,2.9988E-01,-2.1128E-02,-7.5503E-04,-9.0301E-02,-1.0000E+00,-1.0000E+00,-1.0000E+00,5.0000E+00,0.0000E+00,0.0000E+00,0.0000E+00,0.0000E+00
45,3.6700E+02,7.6200E+02,2.6186E-01,6.3349E-02,3.2094E+01,1.2822E+00,2.9988E-01,-2.1128E-02,-7.5503E-04,-9.0301E-02,-1.0000E+00,-1.0000E+00,-1.0000E+00,5.0000E+00,0.0000E+00,0.0000E+00,0.0000E+00,0.0000E+00
46,3.6700E+02,7.6200E+02,2.6186E-01,6.3349E-02,3.2094E+01,1.2822E+00,2.9988E-01,-2.1128E-02,-7.5503E-04,-9.0301E-02,-1.0000E+00,-1.0000E+00,-1.0000E+00,5.0000E+00,0.0000E+00,0.0000E+00,0.0000E+00,0.0000E+00
47,3.6700E+02,7.6200E+02,2.6186E-01,6.3349E-02,3.2094E+01,1.2822E+00,2.9988E-01,-2.1128E-02,-7.5503E-04,-9.0301E-02,-1.0000E+00,-1.0000E+00,-1.0000E+00,5.0000E+00,0.0000E+00,0.0000E+00,0.0000E+00,0.0000E+00
48,3.6700E+02,7.6200E+02,2.6186E-01,6.3349E-02,3.2094E+01,1.2822E+00,2.9988E-01,-2.1128E-02,-7.5503E-04,-9.0301E-02,-1.0000E+00,-1.0000E+00,-1.0000E+00,5.0000E+00,0.0000E+00,0.0000E+00,0.0000E+00,0.0000E+00
49,3.6700E+02,7.6200E+02,2.6186E-01,6.3349E-02,3.2094E+01,1.2822E+00,2.9988E-01,-2.1128E-02,-7.5503E-04,-9.0301E-02,-1.0000E+00,-1.0000E+00,-1.0000E+00,5.0000E+00,0.0000E+00,0.0000E+00,0.0000E+00,0.0000E+00
50,3.6700E+02,7.6200E+02,2.6186E-01,6.3349E-02,3.2094E+01,1.2822E+00,2.9988E-01,-2.1128E-02,-7.5503E-04,-9.0301E-02,-1.0000E+00,-1.0000E+00,-1.0000E+00,5.0000E+00,0.0000E+00,0.0000E+00,0.0000E+00,0.0000E+00
51,3.6700E+02,7.6200E+02,2.6186E-01,6.3349E-02,3.2094E+01,1.2822E+00,2.9988E-01,-2.1128E-02,-7.5503E-04,-9.0301E-02,-1.0000E+00,-1.0000E+00,-1.0000E+00,5.0000E+00,0.0000E+00,0.0000E+00,0.0000E+00,0.0000E+00
52,3.6700E+02,7.6200E+02,2.6186E-01,6.3349E-02,3.2094E+01,1.2822E+00,2.9988E-01,-2.1128E-02,-7.5503E-04,-9.0301E-02,-1.0000E+00,-1.0000E+00,-1.0000E+00,5.0000E+00,0.0000E+00,0.0000E+00,0.0000E+00,0.0000E+00
53,3.6700E+02,7.6200E+02,2.6186E-01,6.3349E-02,3.2094E+01,1.2822E+00,2.9988E-01,-2.1128E-02,-7.5503E-04,-9.0301E-02,-1.0000E+00,-1.0000E+00,-1.0000E+00,5.0000E+00,0.0000E+00,0.0000E+00,0.0000E+00,0.0000E+00
54,3.6700E+02,7.6200E+02,2.6186E-01,6.3349E-02,3.2094E+01,1.2822E+00,2.9988E-01,-2.1128E-02,-7.5503E-04,-9.0301E-02,-1.0000E+00,-1.0000E+00,-1.0000E+00,5.0000E+00,0.0000E+00,0.0000E+00,0.0000E+00,0.0000E+00
55,3.6700E+02,7.6200E+02,2.6186E-01,6.3349E-02,3.2094E+01,1.2822E+00,2.9988E-01,-2.1128E-02,-7.5503E-04,-9.0301E-02,-1.0000E+00,-1.0000E+00,-1.0000E+00,5.0000E+00,0.0000E+00,0.0000E+00,0.0000E+00,0.0000E+00
56,3.6700E+02,7.6200E+02,2.6186E-01,6.3349E-02,3.2094E+01,1.2822E+00,2.9988E-01,-2.1128E-02,-7.5503E-04,-9.0301E-02,-1.0000E+00,-1.0000E+00,-1.0000E+00,5.0000E+00,0.0000E+00,0.0000E+00,0.0000E+00,0.0000E+00
57,3.6700E+02,7.6200E+02,2.6186E-01,6.3349E-02,3.2094E+01,1.2822E+00,2.9988E-01,-2.1128E-02,-7.5503E-04,-9.0301E-02,-1.0000E+00,-1.0000E+00,-1.0000E+00,5.0000E+00,0.0000E+00,0.0000E+00,0.0000E+00,0.0000E+00
58,3.6700E+02,7.6200E+02,2.6186E-01,6.3349E-02,3.2094E+01,1.2822E+00,2.9988E-01,-2.1128E-02,-7.5503E-04,-9.0301E-02,-1.0000E+00,-1.0000E+00,-1.0000E+00,5.0000E+00,0.0000E+00,0.0000E+00,0.0000E+00,0.0000E+00
59,3.6700E+02,7.6200E+02,2.6186E-01,6.3349E-02,3.2094E+01,1.2822E+00,2.9988E-01,-2.1128E-02,-7.5503E-04,-9.0301E-02,-1.0000E+00,-1.0000E+00,-1.0000E+00,5.0000E+00,0.0000E+00,0.0000E+00,0.0000E+00,0.0000E+00
60,3.6700E+02,7.6200E+02,2.6186E-01,6.3349E-02,3.2094E+01,1.2822E+00,2.9988E-01,-2.1128E-02,-7.5503E-04,-9.0301E-02,-1.0000E+00,-1.0000E+00,-1.0000E+00,5.0000E+00,0.0000E+00,0.0000E+00,0.0000E+00,0.0000E+00
61,3.6700E+02,7.6200E+02,2.6186E-01,6.3349E-02,3.2094E+01,1.2822E+00,2.9988E-01,-2.1128E-02,-7.5503E-04,-9.0301E-02,-1.0000E+00,-1.0000E+00,-1.0000E+00,5.0000E+00,0.0000E+00,0.0000E+00,0.0000E+00,0.0000E+00
62,3.6700E+02,7.6200E+02,2.6186E-01,6.3349E-02,3.2094E+01,1.2822E+00,2.9988E-01,-2.1128E-02,-7.5503E-04,-9.0301E-02,-1.0000E+00,-1.0000E+00,-1.0000E+00,5.0000E+00,0.0000E+00,0.0000E+00,0.0000E+00,0.0000E+00
63,3.6700E+02,7.6200E+02,2.6186E-01,6.3349E-02,3.2094E+01,1.2822E+00,2.9988E-01,-2.1128E-02,-7.5503E-04,-9.0301E-02,-1.0000E+00,-1.0000E+00,-1.0000E+00,5.0000E+00,0.0000E+00,0.0000E+00,0.0000E+00,0.0000E+00
64,3.6700E+02,7.6200E+02,2.6186E-01,6.3349E-02,3.2094E+01,1.2822E+00,2.9988E-01,-2.1128E-02,-7.5503E-04,-9.0301E-02,-1.0000E+00,-1.0000E+00,-1.0000E+00,5.0000E+00,0.0000E+00,0.0000E+00,0.0000E+00,0.0000E+00
65,3.6700E+02,7.6200E+02,2.6186E-01,6.3349E-02,3.2094E+01,1.2822E+00,2.9988E-01,-2.1128E-02,-7.5503E-04,-9.0301E-02,-1.0000E+00,-1.0000E+00,-1.0000E+00,5.0000E+00,0.0000E+00,0.0000E+00,0.0000E+00,0.0000E+00
66,3.6700E+02,7.6200E+02,2.6186E-01,6.3349E-02,3.2094E+01,1.2822E+00,2.9988E-01,-2.1128E-02,-7.5503E-04,-9.0301E-02,-1.0000E+00,-1.0000E+00,-1.0000E+00,5.0000E+00,0.0000E+00,0.0000E+00,0.0000E+00,0.0000E+00
67,3.6700E+02,7.6200E+02,2.6186E-01,6.3349E-02,3.2094E+01,1.2822E+00,2.9988E-01,-2.1128E-02,-7.5503E-04,-9.0301E-02,-1.0000E+00,-1.0000E+00,-1.0000E+00,5.0000E+00,0.0000E+00,0.0000E+00,0.0000E+00,0.0000E+00
68,3.6700E+02,7.6200E+02,2.6186E-01,6.3349E-02,3.2094E+01,1.2822E+00,2.9988E-01,-2.1128E-02,-7.5503E-04,-9.0301E-02,-1.0000E+00,-1.0000E+00,-1.0000E+00,5.0000E+00,0.0000E+00,0.0000E+00,0.0000E+00,0.0000E+00
69,3.6700E+02,7.6200E+02,2.6186E-01,6.3349E-02,3.2094E+01,1.2822E+00,2.9988E-01,-2.1128E-02,-7.5503E-04,-9.0301E-02,-1.0000E+00,-1.0000E+00,-1.0000E+00,5.0000E+00,0.0000E+00,0.0000E+00,0.0000E+00,0.0000E+00
70,3.6700E+02,7.6200E+02,2.6186E-01,6.3349E-02,3.2094E+01,1.2822E+00,2.9988E-01,-2.1128E-02,-7.5503E-04,-9.0301E-02,-1.0000E+00,-1.0000E+00,-1.0000E+00,5.0000E+00,0.0000E+00,0.0000E+00,0.0000E+00,0.0000E+00
71,3.6700E+02,7.6200E+02,2.6186E-01,6.3349E-02,3.2094E+01,1.2822E+00,2.9988E-01,-2.1128E-02,-7.5503E-04,-9.0301E-02,-1.0000E+00,-1.0000E+00,-1.0000E+00,5.0000E+00,0.0000E+00,0.0000E+00,0.0000E+00,0.0000E+00
72,3.6700E+02,7.6200E+02,2.6186E-01,6.3349E-02,3.2094E+01,1.2822E+00,2.9988E-01,-2.1128E-02,-7.5503E-04,-9.0301E-02,-1.0000E+00,-1.0000E+00,-1.0000E+00,5.0000E+00,0.0000E+00,0.0000E+00,0.0000E+00,0.0000E+00
