FRAME,COORDINATE_X,COORDINATE_Y,DISPLACEMENT_X,DISPLACEMENT_Y,MODEL_COORDINATES_X,MODEL_COORDINATES_Y,MODEL_COORDINATES_Z,MODEL_DISPLACEMENT_X,MODEL_DISPLACEMENT_Y,MODEL_DISPLACEMENT_Z,SIGMA,GAMMA,BETA,STATUS_FLAG,UNCERTAINTY,VSG_STRAIN_XX,VSG_STRAIN_YY,VSG_STRAIN_XY
0,3.8800E+02,5.6600E+02,1.1030E-02,1.7547E-01,2.9818E+01,-9.8425E+00,-3.7927E-01,2.7366E-03,-3.2183E-03,-4.3459E-02,1.3012E-01,1.1158E-01,0.0000E+00,4.0000E+00,7.5429E-02,-3.8320E-04,-7.0174E-04,3.6572E-05
1,3.8800E+02,5.6600E+02,3.1803E-02,8.2174E-01,2.9818E+01,-9.8425E+00,-3.7927E-01,6.3570E-03,1.5802E-02,-1.0926E-01,1.4992E-01,9.3754E-02,0.0000E+00,4.0000E+00,8.6910E-02,1.4009E-03,-2.1606E-04,5.1143E-04
2,3.8800E+02,5.6600E+02,-1.3389E-03,9.6965E-01,2.9818E+01,-9.8425E+00,-3.7927E-01,4.4113E-03,2.7104E-02,-4.3420E-02,9.3915E-02,1.0612E-01,0.0000E+00,4.0000E+00,5.4442E-02,1.7739E-03,-2.9007E-04,6.4815E-04
3,3.8800E+02,5.6600E+02,4.3580E-02,6.7677E-01,2.9818E+01,-9.8425E+00,-3.7927E-01,-2.2026E-03,1.9012E-02,-2.7142E-02,1.6483E-01,1.1484E-01,0.0000E+00,4.0000E+00,9.5552E-02,1.1834E-03,1.6785E-05,1.2041E-04
4,3.8800E+02,5.6600E+02,-1.7777E-02,5.7047E-01,2.9818E+01,-9.8425E+00,-3.7927E-01,1.9075E-03,1.8576E-02,4.1839E-03,-1.0000E+00,6.8578E-02,0.0000E+00,4.0000E+00,0.0000E+00,0.0000E+00,0.0000E+00,0.0000E+00
5,3.8800E+02,5.6600E+02,-1.7777E-02,5.7047E-01,2.9818E+01,-9.8425E+00,-3.7927E-01,1.9075E-03,1.8576E-02,4.1839E-03,-1.0000E+00,-1.0000E+00,-1.0000E+00,5.0000E+00,0.0000E+00,0.0000E+00,0.0000E+00,0.0000E+00
6,3.8800E+02,5.6600E+02,-1.7777E-02,5.7047E-01,2.9818E+01,-9.8425E+00,-3.7927E-01,1.9075E-03,1.8576E-02,4.1839E-03,-1.0000E+00,-1.0000E+00,-1.0000E+00,5.0000E+00,0.0000E+00,0.0000E+00,0.0000E+00,0.0000E+00
7,3.8800E+02,5.6600E+02,-1.7777E-02,5.7047E-01,2.9818E+01,-9.8425E+00,-3.7927E-01,1.9075E-03,1.8576E-02,4.1839E-03,-1.0000E+00,-1.0000E+00,-1.0000E+00,5.0000E+00,0.0000E+00,0.0000E+00,0.0000E+00,0.0000E+00
8,3.8800E+02,5.6600E+02,-1.7777E-02,5.7047E-01,2.9818E+01,-9.8425E+00,-3.7927E-01,1.9075E-03,1.8576E-02,4.1839E-03,-1.0000E+00,-1.0000E+00,-1.0000E+00,5.0000E+00,0.0000E+00,0.0000E+00,0.0000E+00,0.0000E+00
9,3.8800E+02,5.6600E+02,-1.7777E-02,5.7047E-01,2.9818E+01,-9.8425E+00,-3.7927E-01,1.9075E-03,1.8576E-02,4.1839E-03,-1.0000E+00,-1.0000E+00,-1.0000E+00,5.0000E+00,0.0000E+00,0.0000E+00,0.0000E+00,0.0000E+00
10,3.8800E+02,5.6600E+02,-1.7777E-02,5.7047E-01,2.9818E+01,-9.8425E+00,-3.7927E-01,1.9075E-03,1.8576E-02,4.1839E-03,-1.0000E+00,-1.0000E+00,-1.0000E+00,5.0000E+00,0.0000E+00,0.0000E+00,0.0000E+00,0.0000E+00
11,3.8800E+02,5.6600E+02,-1.7777E-02,5.7047E-01,2.9818E+01,-9.8425E+00,-3.7927E-01,1.9075E-03,1.8576E-02,4.1839E-03,-1.0000E+00,-1.0000E+00,-1.0000E+00,5.0000E+00,0.0000E+00,0.0000E+00,0.0000E+00,0.0000E+00
12,3.8800E+02,5.6600E+02,-1.7777E-02,5.7047E-01,2.9818E+01,-9.8425E+00,-3.7927E-01,1.9075E-03,1.8576E-02,4.1839E-03,-1.0000E+00,-1.0000E+00,-1.0000E+00,5.0000E+00,0.0000E+00,0.0000E+00,0.0000E+00,0.0000E+00
13,3.8800E+02,5.6600E+02,-1.7777E-02,5.7047E-01,2.9818E+01,-9.8425E+00,-3.7927E-01,1.9075E-03,1.8576E-02,4.1839E-03,-1.0000E+00,-1.0000E+00,-1.0000E+00,5.0000E+00,0.0000E+00,0.0000E+00,0.0000E+00,0.0000E+00
14,3.8800E+02,5.6600E+02,-1.7777E-02,5.7047E-01,2.9818E+01,-9.8425E+00,-3.7927E-01,1.9075E-03,1.8576E-02,4.1839E-03,-1.0000E+00,-1.0000E+00,-1.0000E+00,5.0000E+00,0.0000E+00,0.0000E+00,0.0000E+00,0.0000E+00
15,3.8800E+02,5.6600E+02,-1.7777E-02,5.7047E-01,2.9818E+01,-9.8425E+00,-3.7927E-01,1.9075E-03,1.8576E-02,4.1839E-03,-1.0000E+00,-1.0000E+00,-1.0000E+00,5.0000E+00,0.0000E+00,0.0000E+00,0.0000E+00,0.0000E+00
16,3.8800E+02,5.6600E+02,-1.7777E-02,5.7047E-01,2.9818E+01,-9.8425E+00,-3.7927E-01,1.9075E-03,1.8576E-02,4.1839E-03,-1.0000E+00,-1.0000E+00,-1.0000E+00,5.0000E+00,0.0000E+00,0.0000E+00,0.0000E+00,0.0000E+00
17,3.8800E+02,5.6600E+02,-1.7777E-02,5.7047E-01,2.9818E+01,-9.8425E+00,-3.7927E-01,1.9075E-03,1.8576E-02,4.1839E-03,-1.0000E+00,-1.0000E+00,-1.0000E+00,5.0000E+00,0.0000E+00,0.0000E+00,0.0000E+00,0.0000E+00
18,3.8800E+02,5.6600E+02,-1.7777E-02,5.7047E-01,2.9818E+01,-9.8425E+00,-3.7927E-01,1.9075E-03,1.8576E-02,4.1839E-03,-1.0000E+00,-1.0000E+00,-1.0000E+00,5.0000E+00,0.0000E+00,0.0000E+00,0.0000E+00,0.0000E+00
19,3.8800E+02,5.6600E+02,-1.7777E-02,5.7047E-01,2.9818E+01,-9.8425E+00,-3.7927E-01,1.9075E-03,1.8576E-02,4.1839E-03,-1.0000E+00,-1.0000E+00,-1.0000E+00,5.0000E+00,0.0000E+00,0.0000E+00,0.0000E+00,0.0000E+00
20,3.8800E+02,5.6600E+02,-1.7777E-02,5.7047E-01,2.9818E+01,-9.8425E+00,-3.7927E-01,1.9075E-03,1.8576E-02,4.1839E-03,-1.0000E+00,-1.0000E+00,-1.0000E+00,5.0000E+00,0.0000E+00,0.0000E+00,0.0000E+00,0.0000E+00
21,3.8800E+02,5.6600E+02,-1.7777E-02,5.7047E-01,2.9818E+01,-9.8425E+00,-3.7927E-01,1.9075E-03,1.8576E-02,4.1839E-03,-1.0000E+00,-1.0000E+00,-1.0000E+00,5.0000E+00,0.0000E+00,0.0000E+00,0.0000E+00,0.0000E+00
22,3.8800E+02,5.6600E+02,-1.7777E-02,5.7047E-01,2.9818E+01,-9.8425E+00,-3.7927E-01,1.9075E-03,1.8576E-02,4.1839E-03,-1.0000E+00,-1.0000E+00,-1.0000E+00,5.0000E+00,0.0000E+00,0.0000E+00,0.0000E+00,0.0000E+00
23,3.8800E+02,5.6600E+02,-1.7777E-02,5.7047E-01,2.9818E+01,-9.8425E+00,-3.7927E-01,1.9075E-03,1.8576E-02,4.1839E-03,-1.0000E+00,-1.0000E+00,-1.0000E+00,5.0000E+00,0.0000E+00,0.0000E+00,0.0000E+00,0.0000E+00
24,3.8800E+02,5.6600E+02,-1.7777E-02,5.7047E-01,2.9818E+01,-9.8425E+00,-3.7927E-01,1.9075E-03,1.8576E-02,4.1839E-03,-1.0000E+00,-1.0000E+00,-1.0000E+00,5.0000E+00,0.0000E+00,0.0000E+00,0.0000E+00,0.0000E+00
25,3.8800E+02,5.6600E+02,-1.7777E-02,5.7047E-01,2.9818E+01,-9.8425E+00,-3.7927E-01,1.9075E-03,1.8576E-02,4.1839E-03,-1.0000E+00,-1.0000E+00,-1.0000E+00,5.0000E+00,0.0000E+00,0.0000E+00,0.0000E+00,0.0000E+00
26,3.8800E+02,5.6600E+02,-1.7777E-02,5.7047E-01,2.9818E+01,-9.8425E+00,-3.7927E-01,1.9075E-03,1.8576E-02,4.1839E-03,-1.0000E+00,-1.0000E+00,-1.0000E+00,5.0000E+00,0.0000E+00,0.0000E+00,0.0000E+00,0.0000E+00
27,3.8800E+02,5.6600E+02,-1.7777E-02,5.7047E-01,2.9818E+01,-9.8425E+00,-3.7927E-01,1.9075E-03,1.8576E-02,4.1839E-03,-1.0000E+00,-1.0000E+00,-1.0000E+00,5.0000E+00,0.0000E+00,0.0000E+00,0.0000E+00,0.0000E+00
28,3.8800E+02,5.6600E+02,-1.7777E-02,5.7047E-01,2.9818E+01,-9.8425E+00,-3.7927E-01,1.9075E-03,1.8576E-02,4.1839E-03,-1.0000E+00,-1.0000E+00,-1.0000E+00,5.0000E+00,0.0000E+00,0.0000E+00,0.0000E+00,0.0000E+00
29,3.8800E+02,5.6600E+02,-1.7777E-02,5.7047E-01,2.9818E+01,-9.8425E+00,-3.7927E-01,1.9075E-03,1.8576E-02,4.1839E-03,-1.0000E+00,-1.0000E+00,-1.0000E+00,5.0000E+00,0.0000E+00,0.0000E+00,0.0000E+00,0.0000E+00
30,3.8800E+02,5.6600E+02,-1.7777E-02,5.7047E-01,2.9818E+01,-9.8425E+00,-3.7927E-01,1.9075E-03,1.8576E-02,4.1839E-03,-1.0000E+00,-1.0000E+00,-1.0000E+00,5.0000E+00,0.0000E+00,0.0000E+00,0.0000E+00,0.0000E+00
31,3.8800E+02,5.6600E+02,-1.7777E-02,5.7047E-01,2.9818E+01,-9.8425E+00,-3.7927E-01,1.9075E-03,1.8576E-02,4.1839E-03,-1.0000E+00,-1.0000E+00,-1.0000E+00,5.0000E+00,0.0000E+00,0.0000E+00,0.0000E+00,0.0000E+00
32,3.8800E+02,5.6600E+02,-1.7777E-02,5.7047E-01,2.9818E+01,-9.8425E+00,-3.7927E-01,1.9075E-03,1.8576E-02,4.1839E-03,-1.0000E+00,-1.0000E+00,-1.0000E+00,5.0000E+00,0.0000E+00,0.0000E+00,0.0000E+00,0.0000E+00
33,3.8800E+02,5.6600E+02,-1.7777E-02,5.7047E-01,2.9818E+01,-9.8425E+00,-3.7927E-01,1.9075E-03,1.8576E-02,4.1839E-03,-1.0000E+00,-1.0000E+00,-1.0000E+00,5.0000E+00,0.0000E+00,0.0000E+00,0.0000E+00,0.0000E+00
34,3.8800E+02,5.6600E+02,-1.7777E-02,5.7047E-01,2.9818E+01,-9.8425E+00,-3.7927E-01,1.9075E-03,1.8576E-02,4.1839E-03,-1.0000E+00,-1.0000E+00,-1.0000E+00,5.0000E+00,0.0000E+00,0.0000E+00,0.0000E+00,0.0000E+00
35,3.8800E+02,5.6600E+02,-1.7777E-02,5.7047E-01,2.9818E+01,-9.8425E+00,-3.7927E-01,1.9075E-03,1.8576E-02,4.1839E-03,-1.0000E+00,-1.0000E+00,-1.0000E+00,5.0000E+00,0.0000E+00,0.0000E+00,0.0000E+00,0.0000E+00
36,3.8800E+02,5.6600E+02,-1.7777E-02,5.7047E-01,2.9818E+01,-9.8425E+00,-3.7927E-01,1.9075E-03,1.8576E-02,4.1839E-03,-1.0000E+00,-1.0000E+00,-1.0000E+00,5.0000E+00,0.0000E+00,0.0000E+00,0.0000E+00,0.0000E+00
37,3.8800E+02,5.6600E+02,-1.7777E-02,5.7047E-01,2.9818E+01,-9.8425E+00,-3.7927E-01,1.9075E-03,1.8576E-02,4.1839E-03,-1.0000E+00,-1.0000E+00,-1.0000E+00,5.0000E+00,0.0000E+00,0.0000E+00,0.0000E+00,0.0000E+00
38,3.8800E+02,5.6600E+02,-1.7777E-02,5.7047E-01,2.9818E+01,-9.8425E+00,-3.7927E-01,1.9075E-03,1.8576E-02,4.1839E-03,-1.0000E+00,-1.0000E+00,-1.0000E+00,5.0000E+00,0.0000E+00,0.0000E+00,0.0000E+00,0.0000E+00
39,3.8800E+02,5.6600E+02,-1.7777E-02,5.7047E-01,2.9818E+01,-9.8425E+00,-3.7927E-01,1.9075E-03,1.8576E-02,4.1839E-03,-1.0000E+00,-1.0000E+00,-1.0000E+00,5.0000E+00,0.0000E+00,0.0000E+00,0.0000E+00,0.0000E+00
40,3.8800E+02,5.6600E+02,-1.7777E-02,5.7047E-01,2.9818E+01,-9.8425E+00,-3.7927E-01,1.9075E-03,1.8576E-02,4.1839E-03,-1.0000E+00,-1.0000E+00,-1.0000E+00,5.0000E+00,0.0000E+00,0.0000E+00,0.0000E+00,0.0000E+00
41,3.8800E+02,5.6600E+02,-1.7777E-02,5.7047E-01,2.9818E+01,-9.8425E+00,-3.7927E-01,1.9075E-03,1.8576E-02,4.1839E-03,-1.0000E+00,-1.0000E+00,-1.0000E+00,5.0000E+00,0.0000E+00,0.0000E+00,0.0000E+00,0.0000E+00
42,3.8800E+02,5.6600E+02,-1.7777E-02,5.7047E-01,2.9818E+01,-9.8425E+00,-3.7927E-01,1.9075E-03,1.8576E-02,4.1839E-03,-1.0000E+00,-1.0000E+00,-1.0000E+00,5.0000E+00,0.0000E+00,0.0000E+00,0.0000E+00,0.0000E+00
43,3.8800E+02,5.6600E+02,-1.7777E-02,5.7047E-01,2.9818E+01,-9.8425E+00,-3.7927E-01,1.9075E-03,1.8576E-02,4.1839E-03,-1.0000E+00,-1.0000E+00,-1.0000E+00,5.0000E+00,0.0000E+00,0.0000E+00,0.0000E+00,0.0000E+00
44,3.8800E+02,5.6600E+02,-1.7777E-02,5.7047E-01,2.9818E+01,-9.8425E+00,-3.7927E-01,1.9075E-03,1.8576E-02,4.1839E-03,-1.0000E+00,-1.0000E+00,-1.0000E+00,5.0000E+00,0.0000E+00,0.0000E+00,0.0000E+00,0.0000E+00
45,3.8800E+02,5.6600E+02,-1.7777E-02,5.7047E-01,2.9818E+01,-9.8425E+00,-3.7927E-01,1.9075E-03,1.8576E-02,4.1839E-03,-1.0000E+00,-1.0000E+00,-1.0000E+00,5.0000E+00,0.0000E+00,0.0000E+00,0.0000E+00,0.0000E+00
46,3.8800E+02,5.6600E+02,-1.7777E-02,5.7047E-01,2.9818E+01,-9.8425E+00,-3.7927E-01,1.9075E-03,1.8576E-02,4.1839E-03,-1.0000E+00,-1.0000E+00,-1.0000E+00,5.0000E+00,0.0000E+00,0.0000E+00,0.0000E+00,0.0000E+00
47,3.8800E+02,5.6600E+02,-1.7777E-02,5.7047E-01,2.9818E+01,-9.8425E+00,-3.7927E-01,1.9075E-03,1.8576E-02,4.1839E-03,-1.0000E+00,-1.0000E+00,-1.0000E+00,5.0000E+00,0.0000E+00,0.0000E+00,0.0000E+00,0.0000E+00
48,3.8800E+02,5.6600E+02,-1.7777E-02,5.7047E-01,2.9818E+01,-9.8425E+00,-3.7927E-01,1.9075E-03,1.8576E-02,4.1839E-03,-1.0000E+00,-1.0000E+00,-1.0000E+00,5.0000E+00,0.0000E+00,0.0000E+00,0.0000E+00,0.0000E+00
49,3.8800E+02,5.6600E+02,-1.7777E-02,5.7047E-01,2.9818E+01,-9.8425E+00,-3.7927E-01,1.9075E-03,1.8576E-02,4.1839E-03,-1.0000E+00,-1.0000E+00,-1.0000E+00,5.0000E+00,0.0000E+00,0.0000E+00,0.0000E+00,0.0000E+00
50,3.8800E+02,5.6600E+02,-1.7777E-02,5.7047E-01,2.9818E+01,-9.8425E+00,-3.7927E-01,1.9075E-03,1.8576E-02,4.1839E-03,-1.0000E+00,-1.0000E+00,-1.0000E+00,5.0000E+00,0.0000E+00,0.0000E+00,0.0000E+00,0.0000E+00
51,3.8800E+02,5.6600E+02,-1.7777E-02,5.7047E-01,2.9818E+01,-9.8425E+00,-3.7927E-01,1.9075E-03,1.8576E-02,4.1839E-03,-1.0000E+00,-1.0000E+00,-1.0000E+00,5.0000E+00,0.0000E+00,0.0000E+00,0.0000E+00,0.0000E+00
52,3.8800E+02,5.6600E+02,-1.7777E-02,5.7047E-01,2.9818E+01,-9.8425E+00,-3.7927E-01,1.9075E-03,1.8576E-02,4.1839E-03,-1.0000E+00,-1.0000E+00,-1.0000E+00,5.0000E+00,0.0000E+00,0.0000E+00,0.0000E+00,0.0000E+00
53,3.8800E+02,5.6600E+02,-1.7777E-02,5.7047E-01,2.9818E+01,-9.8425E+00,-3.7927E-01,1.9075E-03,1.8576E-02,4.1839E-03,-1.0000E+00,-1.0000E+00,-1.0000E+00,5.0000E+00,0.0000E+00,0.0000E+00,0.0000E+00,0.0000E+00
54,3.8800E+02,5.6600E+02,-1.7777E-02,5.7047E-01,2.9818E+01,-9.8425E+00,-3.7927E-01,1.9075E-03,1.8576E-02,4.1839E-03,-1.0000E+00,-1.0000E+00,-1.0000E+00,5.0000E+00,0.0000E+00,0.0000E+00,0.0000E+00,0.0000E+00
55,3.8800E+02,5.6600E+02,-1.7777E-02,5.7047E-01,2.9818E+01,-9.8425E+00,-3.7927E-01,1.9075E-03,1.8576E-02,4.1839E-03,-1.0000E+00,-1.0000E+00,-1.0000E+00,5.0000E+00,0.0000E+00,0.0000E+00,0.0000E+00,0.0000E+00
56,3.8800E+02,5.6600E+02,-1.7777E-02,5.7047E-01,2.9818E+01,-9.8425E+00,-3.7927E-01,1.9075E-03,1.8576E-02,4.1839E-03,-1.0000E+00,-1.0000E+00,-1.0000E+00,5.0000E+00,0.0000E+00,0.0000E+00,0.0000E+00,0.0000E+00
57,3.8800E+02,5.6600E+02,-1.7777E-02,5.7047E-01,2.9818E+01,-9.8425E+00,-3.7927E-01,1.9075E-03,1.8576E-02,4.1839E-03,-1.0000E+00,-1.0000E+00,-1.0000E+00,5.0000E+00,0.0000E+00,0.0000E+00,0.0000E+00,0.0000E+00
58,3.8800E+02,5.6600E+02,-1.7777E-02,5.7047E-01,2.9818E+01,-9.8425E+00,-3.7927E-01,1.9075E-03,1.8576E-02,4.1839E-03,-1.0000E+00,-1.0000E+00,-1.0000E+00,5.0000E+00,0.0000E+00,0.0000E+00,0.0000E+00,0.0000E+00
59,3.8800E+02,5.6600E+02,-1.7777E-02,5.7047E-01,2.9818E+01,-9.8425E+00,-3.7927E-01,1.9075E-03,1.8576E-02,4.1839E-03,-1.0000E+00,-1.0000E+00,-1.0000E+00,5.0000E+00,0.0000E+00,0.0000E+00,0.0000E+00,0.0000E+00
60,3.8800E+02,5.6600E+02,-1.7777E-02,5.7047E-01,2.9818E+01,-9.8425E+00,-3.7927E-01,1.9075E-03,1.8576E-02,4.1839E-03,-1.0000E+00,-1.0000E+00,-1.0000E+00,5.0000E+00,0.0000E+00,0.0000E+00,0.0000E+00,0.0000E+00
61,3.8800E+02,5.6600E+02,-1.7777E-02,5.7047E-01,2.9818E+01,-9.8425E+00,-3.7927E-01,1.9075E-03,1.8576E-02,4.1839E-03,-1.0000E+00,-1.0000E+00,-1.0000E+00,5.0000E+00,0.0000E+00,0.0000E+00,0.0000E+00,0.0000E+00
62,3.8800E+02,5.6600E+02,-1.7777E-02,5.7047E-01,2.9818E+01,-9.8425E+00,-3.7927E-01,1.9075E-03,1.8576E-02,4.1839E-03,-1.0000E+00,-1.0000E+00,-1.0000E+00,5.0000E+00,0.0000E+00,0.0000E+00,0.0000E+00,0.0000E+00
63,3.8800E+02,5.6600E+02,-1.7777E-02,5.7047E-01,2.9818E+01,-9.8425E+00,-3.7927E-01,1.9075E-03,1.8576E-02,4.1839E-03,-1.0000E+00,-1.0000E+00,-1.0000E+00,5.0000E+00,0.0000E+00,0.0000E+00,0.0000E+00,0.0000E+00
64,3.8800E+02,5.6600E+02,-1.7777E-02,5.7047E-01,2.9818E+01,-9.8425E+00,-3.7927E-01,1.9075E-03,1.8576E-02,4.1839E-03,-1.0000E+00,-1.0000E+00,-1.0000E+00,5.0000E+00,0.0000E+00,0.0000E+00,0.0000E+00,0.0000E+00
65,3.8800E+02,5.6600E+02,-1.7777E-02,5.7047E-01,2.9818E+01,-9.8425E+00,-3.7927E-01,1.9075E-03,1.8576E-02,4.1839E-03,-1.0000E+00,-1.0000E+00,-1.0000E+00,5.0000E+00,0.0000E+00,0.0000E+00,0.0000E+00,0.0000E+00
66,3.8800E+02,5.6600E+02,-1.7777E-02,5.7047E-01,2.9818E+01,-9.8425E+00,-3.7927E-01,1.9075E-03,1.8576E-02,4.1839E-03,-1.0000E+00,-1.0000E+00,-1.0000E+00,5.0000E+00,0.0000E+00,0.0000E+00,0.0000E+00,0.0000E+00
67,3.8800E+02,5.6600E+02,-1.7777E-02,5.7047E-01,2.9818E+01,-9.8425E+00,-3.7927E-01,1.9075E-03,1.8576E-02,4.1839E-03,-1.0000E+00,-1.0000E+00,-1.0000E+00,5.0000E+00,0.0000E+00,0.0000E+00,0.0000E+00,0.0000E+00
68,3.8800E+02,5.6600E+02,-1.7777E-02,5.7047E-01,2.9818E+01,-9.8425E+00,-3.7927E-01,1.9075E-03,1.8576E-02,4.1839E-03,-1.0000E+00,-1.0000E+00,-1.0000E+00,5.0000E+00,0.0000E+00,0.0000E+00,0.0000E+00,0.0000E+00
69,3.8800E+02,5.6600E+02,-1.7777E-02,5.7047E-01,2.9818E+01,-9.8425E+00,-3.7927E-01,1.9075E-03,1.8576E-02,4.1839E-03,-1.0000E+00,-1.0000E+00,-1.0000E+00,5.0000E+00,0.0000E+00,0.0000E+00,0.0000E+00,0.0000E+00
70,3.8800E+02,5.6600E+02,-1.7777E-02,5.7047E-01,2.9818E+01,-9.8425E+00,-3.7927E-01,1.9075E-03,1.8576E-02,4.1839E-03,-1.0000E+00,-1.0000E+00,-1.0000E+00,5.0000E+00,0.0000E+00,0.0000E+00,0.0000E+00,0.0000E+00
71,3.8800E+02,5.6600E+02,-1.7777E-02,5.7047E-01,2.9818E+01,-9.8425E+00,-3.7927E-01,1.9075E-03,1.8576E-02,4.1839E-03,-1.0000E+00,-1.0000E+00,-1.0000E+00,5.0000E+00,0.0000E+00,0.0000E+00,0.0000E+00,0.0000E+00
72,3.8800E+02,5.6600E+02,-1.7777E-02,5.7047E-01,2.9818E+01,-9.8425E+00,-3.7927E-01,1.9075E-03,1.8576E-02,4.1839E-03,-1.0000E+00,-1.0000E+00,-1.0000E+00,5.0000E+00,0.0000E+00,0.0000E+00,0.0000E+00,0.0000E+00
