FRAME,COORDINATE_X,COORDINATE_Y,DISPLACEMENT_X,DISPLACEMENT_Y,MODEL_COORDINATES_X,MODEL_COORDINATES_Y,MODEL_COORDINATES_Z,MODEL_DISPLACEMENT_X,MODEL_DISPLACEMENT_Y,MODEL_DISPLACEMENT_Z,SIGMA,GAMMA,BETA,STATUS_FLAG,UNCERTAINTY,VSG_STRAIN_XX,VSG_STRAIN_YY,VSG_STRAIN_XY
0,4.2300E+02,7.5500E+02,7.4726E-02,-1.6293E-02,2.5853E+01,8.7649E-01,3.6480E-03,-2.3452E-03,2.5601E-03,-7.8253E-02,1.4611E-01,1.2458E-01,0.0000E+00,4.0000E+00,1.5036E-01,-2.4448E-05,-3.3274E-04,-1.9112E-04
1,4.2300E+02,7.5500E+02,2.4604E-02,9.9302E-02,2.5853E+01,8.7649E-01,3.6480E-03,-8.8217E-03,2.9222E-03,7.8921E-02,1.3208E-01,1.2374E-01,0.0000E+00,4.0000E+00,1.3592E-01,1.3929E-04,3.5594E-04,-4.3441E-04
2,4.2300E+02,7.5500E+02,-6.1197E-02,5.3348E-01,2.5853E+01,8.7649E-01,3.6480E-03,6.4639E-03,2.5986E-02,5.9242E-03,1.1312E-01,9.9667E-02,0.0000E+00,4.0000E+00,1.1642E-01,7.5836E-05,3.9744E-04,-4.4310E-04
3,4.2300E+02,7.5500E+02,2.9459E-02,3.2416E-01,2.5853E+01,8.7649E-01,3.6480E-03,3.6187E-03,2.4599E-02,-9.0825E-02,1.7790E-01,1.3319E-01,0.0000E+00,4.0000E+00,1.8308E-01,-8.9466E-06,-4.6672E-04,-3.5718E-05
4,4.2300E+02,7.5500E+02,1.1148E-01,-2.2904E-01,2.5853E+01,8.7649E-01,3.6480E-03,-8.1210E-03,5.2456E-03,-6.0941E-02,2.4988E-01,1.7574E-01,0.0000E+00,4.0000E+00,2.5715E-01,2.9510E-04,-9.1778E-04,-2.0144E-04
5,4.2300E+02,7.5500E+02,6.3059E-02,1.6643E-01,2.5853E+01,8.7649E-01,3.6480E-03,-6.4806E-03,7.3074E-03,-6.6922E-03,1.7370E-01,1.2150E-01,0.0000E+00,4.0000E+00,1.7876E-01,1.9138E-05,-2.3639E-05,-3.9279E-04
6,4.2300E+02,7.5500E+02,3.2869E-02,4.7598E-01,2.5853E+01,8.7649E-01,3.6480E-03,-6.0782E-03,2.0205E-02,3.2884E-02,1.7970E-01,9.3308E-02,0.0000E+00,4.0000E+00,1.8493E-01,4.5581E-04,-8.4301E-04,-6.4421E-04
7,4.2300E+02,7.5500E+02,3.2869E-02,4.7598E-01,2.5853E+01,8.7649E-01,3.6480E-03,-2.1477E-03,2.8651E-02,-2.0338E-02,-1.0000E+00,-1.0000E+00,-1.0000E+00,1.1000E+01,0.0000E+00,0.0000E+00,0.0000E+00,0.0000E+00
8,4.2300E+02,7.5500E+02,3.2869E-02,4.7598E-01,2.5853E+01,8.7649E-01,3.6480E-03,-6.7729E-03,2.4882E-02,4.0317E-02,-1.0000E+00,-1.0000E+00,-1.0000E+00,5.0000E+00,0.0000E+00,0.0000E+00,0.0000E+00,0.0000E+00
9,4.2300E+02,7.5500E+02,3.2869E-02,4.7598E-01,2.5853E+01,8.7649E-01,3.6480E-03,-7.2391E-03,2.9048E-02,4.5001E-02,-1.0000E+00,-1.0000E+00,-1.0000E+00,5.0000E+00,0.0000E+00,0.0000E+00,0.0000E+00,0.0000E+00
10,4.2300E+02,7.5500E+02,3.2869E-02,4.7598E-01,2.5853E+01,8.7649E-01,3.6480E-03,-7.7845E-03,2.1557E-02,5.4404E-02,-1.0000E+00,-1.0000E+00,-1.0000E+00,5.0000E+00,0.0000E+00,0.0000E+00,0.0000E+00,0.0000E+00
11,4.2300E+02,7.5500E+02,3.2869E-02,4.7598E-01,2.5853E+01,8.7649E-01,3.6480E-03,2.0637E-04,3.2949E-02,-5.1880E-02,-1.0000E+00,-1.0000E+00,-1.0000E+00,5.0000E+00,0.0000E+00,0.0000E+00,0.0000E+00,0.0000E+00
12,4.2300E+02,7.5500E+02,3.2869E-02,4.7598E-01,2.5853E+01,8.7649E-01,3.6480E-03,-2.9341E-03,3.0558E-02,-1.0809E-02,-1.0000E+00,-1.0000E+00,-1.0000E+00,5.0000E+00,0.0000E+00,0.0000E+00,0.0000E+00,0.0000E+00
13,4.2300E+02,7.5500E+02,3.2869E-02,4.7598E-01,2.5853E+01,8.7649E-01,3.6480E-03,4.0057E-03,3.4472E-02,-1.0112E-01,-1.0000E+00,-1.0000E+00,-1.0000E+00,5.0000E+00,0.0000E+00,0.0000E+00,0.0000E+00,0.0000E+00
14,4.2300E+02,7.5500E+02,3.2869E-02,4.7598E-01,2.5853E+01,8.7649E-01,3.6480E-03,1.1542E-03,2.8717E-02,-6.2797E-02,-1.0000E+00,-1.0000E+00,-1.0000E+00,5.0000E+00,0.0000E+00,0.0000E+00,0.0000E+00,0.0000E+00
15,4.2300E+02,7.5500E+02,3.2869E-02,4.7598E-01,2.5853E+01,8.7649E-01,3.6480E-03,-2.5270E-03,1.6601E-02,-1.1644E-02,-1.0000E+00,-1.0000E+00,-1.0000E+00,5.0000E+00,0.0000E+00,0.0000E+00,0.0000E+00,0.0000E+00
16,4.2300E+02,7.5500E+02,3.2869E-02,4.7598E-01,2.5853E+01,8.7649E-01,3.6480E-03,-3.5511E-03,1.7726E-02,1.1696E-03,-1.0000E+00,-1.0000E+00,-1.0000E+00,5.0000E+00,0.0000E+00,0.0000E+00,0.0000E+00,0.0000E+00
17,4.2300E+02,7.5500E+02,3.2869E-02,4.7598E-01,2.5853E+01,8.7649E-01,3.6480E-03,2.7198E-03,2.5804E-02,-8.2038E-02,-1.0000E+00,-1.0000E+00,-1.0000E+00,5.0000E+00,0.0000E+00,0.0000E+00,0.0000E+00,0.0000E+00
18,4.2300E+02,7.5500E+02,3.2869E-02,4.7598E-01,2.5853E+01,8.7649E-01,3.6480E-03,-4.7960E-03,1.5114E-02,1.8056E-02,-1.0000E+00,-1.0000E+00,-1.0000E+00,5.0000E+00,0.0000E+00,0.0000E+00,0.0000E+00,0.0000E+00
19,4.2300E+02,7.5500E+02,3.2869E-02,4.7598E-01,2.5853E+01,8.7649E-01,3.6480E-03,-2.4925E-03,1.3303E-02,-1.0998E-02,-1.0000E+00,-1.0000E+00,-1.0000E+00,5.0000E+00,0.0000E+00,0.0000E+00,0.0000E+00,0.0000E+00
20,4.2300E+02,7.5500E+02,3.2869E-02,4.7598E-01,2.5853E+01,8.7649E-01,3.6480E-03,-4.0994E-03,2.1400E-02,7.0341E-03,-1.0000E+00,-1.0000E+00,-1.0000E+00,5.0000E+00,0.0000E+00,0.0000E+00,0.0000E+00,0.0000E+00
21,4.2300E+02,7.5500E+02,3.2869E-02,4.7598E-01,2.5853E+01,8.7649E-01,3.6480E-03,-1.0285E-02,3.3530E-02,8.2771E-02,-1.0000E+00,-1.0000E+00,-1.0000E+00,5.0000E+00,0.0000E+00,0.0000E+00,0.0000E+00,0.0000E+00
22,4.2300E+02,7.5500E+02,3.2869E-02,4.7598E-01,2.5853E+01,8.7649E-01,3.6480E-03,-1.5959E-02,3.0217E-02,1.5679E-01,-1.0000E+00,-1.0000E+00,-1.0000E+00,5.0000E+00,0.0000E+00,0.0000E+00,0.0000E+00,0.0000E+00
23,4.2300E+02,7.5500E+02,3.2869E-02,4.7598E-01,2.5853E+01,8.7649E-01,3.6480E-03,-5.2537E-02,1.1051E-02,6.3545E-01,-1.0000E+00,-1.0000E+00,-1.0000E+00,5.0000E+00,0.0000E+00,0.0000E+00,0.0000E+00,0.0000E+00
24,4.2300E+02,7.5500E+02,3.2869E-02,4.7598E-01,2.5853E+01,8.7649E-01,3.6480E-03,-5.2537E-02,1.1051E-02,6.3545E-01,-1.0000E+00,-1.0000E+00,-1.0000E+00,5.0000E+00,0.0000E+00,0.0000E+00,0.0000E+00,0.0000E+00
25,4.2300E+02,7.5500E+02,3.2869E-02,4.7598E-01,2.5853E+01,8.7649E-01,3.6480E-03,-5.2537E-02,1.1051E-02,6.3545E-01,-1.0000E+00,-1.0000E+00,-1.0000E+00,5.0000E+00,0.0000E+00,0.0000E+00,0.0000E+00,0.0000E+00
26,4.2300E+02,7.5500E+02,3.2869E-02,4.7598E-01,2.5853E+01,8.7649E-01,3.6480E-03,-5.2537E-02,1.1051E-02,6.3545E-01,-1.0000E+00,-1.0000E+00,-1.0000E+00,5.0000E+00,0.0000E+00,0.0000E+00,0.0000E+00,0.0000E+00
27,4.2300E+02,7.5500E+02,3.2869E-02,4.7598E-01,2.5853E+01,8.7649E-01,3.6480E-03,-5.2537E-02,1.1051E-02,6.3545E-01,-1.0000E+00,-1.0000E+00,-1.0000E+00,5.0000E+00,0.0000E+00,0.0000E+00,0.0000E+00,0.0000E+00
28,4.2300E+02,7.5500E+02,3.2869E-02,4.7598E-01,2.5853E+01,8.7649E-01,3.6480E-03,-5.2537E-02,1.1051E-02,6.3545E-01,-1.0000E+00,-1.0000E+00,-1.0000E+00,5.0000E+00,0.0000E+00,0.0000E+00,0.0000E+00,0.0000E+00
29,4.2300E+02,7.5500E+02,3.2869E-02,4.7598E-01,2.5853E+01,8.7649E-01,3.6480E-03,-5.2537E-02,1.1051E-02,6.3545E-01,-1.0000E+00,-1.0000E+00,-1.0000E+00,5.0000E+00,0.0000E+00,0.0000E+00,0.0000E+00,0.0000E+00
30,4.2300E+02,7.5500E+02,3.2869E-02,4.7598E-01,2.5853E+01,8.7649E-01,3.6480E-03,-5.2537E-02,1.1051E-02,6.3545E-01,-1.0000E+00,-1.0000E+00,-1.0000E+00,5.0000E+00,0.0000E+00,0.0000E+00,0.0000E+00,0.0000E+00
31,4.2300E+02,7.5500E+02,3.2869E-02,4.7598E-01,2.5853E+01,8.7649E-01,3.6480E-03,-5.2537E-02,1.1051E-02,6.3545E-01,-1.0000E+00,-1.0000E+00,-1.0000E+00,5.0000E+00,0.0000E+00,0.0000E+00,0.0000E+00,0.0000E+00
32,4.2300E+02,7.5500E+02,3.2869E-02,4.7598E-01,2.5853E+01,8.7649E-01,3.6480E-03,-5.2537E-02,1.1051E-02,6.3545E-01,-1.0000E+00,-1.0000E+00,-1.0000E+00,5.0000E+00,0.0000E+00,0.0000E+00,0.0000E+00,0.0000E+00
33,4.2300E+02,7.5500E+02,3.2869E-02,4.7598E-01,2.5853E+01,8.7649E-01,3.6480E-03,-5.2537E-02,1.1051E-02,6.3545E-01,-1.0000E+00,-1.0000E+00,-1.0000E+00,5.0000E+00,0.0000E+00,0.0000E+00,0.0000E+00,0.0000E+00
34,4.2300E+02,7.5500E+02,3.2869E-02,4.7598E-01,2.5853E+01,8.7649E-01,3.6480E-03,-5.2537E-02,1.1051E-02,6.3545E-01,-1.0000E+00,-1.0000E+00,-1.0000E+00,5.0000E+00,0.0000E+00,0.0000E+00,0.0000E+00,0.0000E+00
35,4.2300E+02,7.5500E+02,3.2869E-02,4.7598E-01,2.5853E+01,8.7649E-01,3.6480E-03,-5.2537E-02,1.1051E-02,6.3545E-01,-1.0000E+00,-1.0000E+00,-1.0000E+00,5.0000E+00,0.0000E+00,0.0000E+00,0.0000E+00,0.0000E+00
36,4.2300E+02,7.5500E+02,3.2869E-02,4.7598E-01,2.5853E+01,8.7649E-01,3.6480E-03,-5.2537E-02,1.1051E-02,6.3545E-01,-1.0000E+00,-1.0000E+00,-1.0000E+00,5.0000E+00,0.0000E+00,0.0000E+00,0.0000E+00,0.0000E+00
37,4.2300E+02,7.5500E+02,3.2869E-02,4.7598E-01,2.5853E+01,8.7649E-01,3.6480E-03,-5.2537E-02,1.1051E-02,6.3545E-01,-1.0000E+00,-1.0000E+00,-1.0000E+00,5.0000E+00,0.0000E+00,0.0000E+00,0.0000E+00,0.0000E+00
38,4.2300E+02,7.5500E+02,3.2869E-02,4.7598E-01,2.5853E+01,8.7649E-01,3.6480E-03,-5.2537E-02,1.1051E-02,6.3545E-01,-1.0000E+00,-1.0000E+00,-1.0000E+00,5.0000E+00,0.0000E+00,0.0000E+00,0.0000E+00,0.0000E+00
39,4.2300E+02,7.5500E+02,3.2869E-02,4.7598E-01,2.5853E+01,8.7649E-01,3.6480E-03,-5.2537E-02,1.1051E-02,6.3545E-01,-1.0000E+00,-1.0000E+00,-1.0000E+00,5.0000E+00,0.0000E+00,0.0000E+00,0.0000E+00,0.0000E+00
40,4.2300E+02,7.5500E+02,3.2869E-02,4.7598E-01,2.5853E+01,8.7649E-01,3.6480E-03,-5.2537E-02,1.1051E-02,6.3545E-01,-1.0000E+00,-1.0000E+00,-1.0000E+00,5.0000E+00,0.0000E+00,0.0000E+00,0.0000E+00,0.0000E+00
41,4.2300E+02,7.5500E+02,3.2869E-02,4.7598E-01,2.5853E+01,8.7649E-01,3.6480E-03,-5.2537E-02,1.1051E-02,6.3545E-01,-1.0000E+00,-1.0000E+00,-1.0000E+00,5.0000E+00,0.0000E+00,0.0000E+00,0.0000E+00,0.0000E+00
42,4.2300E+02,7.5500E+02,3.2869E-02,4.7598E-01,2.5853E+01,8.7649E-01,3.6480E-03,-5.2537E-02,1.1051E-02,6.3545E-01,-1.0000E+00,-1.0000E+00,-1.0000E+00,5.0000E+00,0.0000E+00,0.0000E+00,0.0000E+00,0.0000E+00
43,4.2300E+02,7.5500E+02,3.2869E-02,4.7598E-01,2.5853E+01,8.7649E-01,3.6480E-03,-5.2537E-02,1.1051E-02,6.3545E-01,-1.0000E+00,-1.0000E+00,-1.0000E+00,5.0000E+00,0.0000E+00,0.0000E+00,0.0000E+00,0.0000E+00
44,4.2300E+02,7.5500E+02,3.2869E-02,4.7598E-01,2.5853E+01,8.7649E-01,3.6480E-03,-5.2537E-02,1.1051E-02,6.3545E-01,-1.0000E+00,-1.0000E+00,-1.0000E+00,5.0000E+00,0.0000E+00,0.0000E+00,0.0000E+00,0.0000E+00
45,4.2300E+02,7.5500E+02,3.2869E-02,4.7598E-01,2.5853E+01,8.7649E-01,3.6480E-03,-5.2537E-02,1.1051E-02,6.3545E-01,-1.0000E+00,-1.0000E+00,-1.0000E+00,5.0000E+00,0.0000E+00,0.0000E+00,0.0000E+00,0.0000E+00
46,4.2300E+02,7.5500E+02,3.2869E-02,4.7598E-01,2.5853E+01,8.7649E-01,3.6480E-03,-5.2537E-02,1.1051E-02,6.3545E-01,-1.0000E+00,-1.0000E+00,-1.0000E+00,5.0000E+00,0.0000E+00,0.0000E+00,0.0000E+00,0.0000E+00
47,4.2300E+02,7.5500E+02,3.2869E-02,4.7598E-01,2.5853E+01,8.7649E-01,3.6480E-03,-5.2537E-02,1.1051E-02,6.3545E-01,-1.0000E+00,-1.0000E+00,-1.0000E+00,5.0000E+00,0.0000E+00,0.0000E+00,0.0000E+00,0.0000E+00
48,4.2300E+02,7.5500E+02,3.2869E-02,4.7598E-01,2.5853E+01,8.7649E-01,3.6480E-03,-5.2537E-02,1.1051E-02,6.3545E-01,-1.0000E+00,-1.0000E+00,-1.0000E+00,5.0000E+00,0.0000E+00,0.0000E+00,0.0000E+00,0.0000E+00
49,4.2300E+02,7.5500E+02,3.2869E-02,4.7598E-01,2.5853E+01,8.7649E-01,3.6480E-03,-5.2537E-02,1.1051E-02,6.3545E-01,-1.0000E+00,-1.0000E+00,-1.0000E+00,5.0000E+00,0.0000E+00,0.0000E+00,0.0000E+00,0.0000E+00
50,4.2300E+02,7.5500E+02,3.2869E-02,4.7598E-01,2.5853E+01,8.7649E-01,3.6480E-03,-5.2537E-02,1.1051E-02,6.3545E-01,-1.0000E+00,-1.0000E+00,-1.0000E+00,5.0000E+00,0.0000E+00,0.0000E+00,0.0000E+00,0.0000E+00
51,4.2300E+02,7.5500E+02,3.2869E-02,4.7598E-01,2.5853E+01,8.7649E-01,3.6480E-03,-5.2537E-02,1.1051E-02,6.3545E-01,-1.0000E+00,-1.0000E+00,-1.0000E+00,5.0000E+00,0.0000E+00,0.0000E+00,0.0000E+00,0.0000E+00
52,4.2300E+02,7.5500E+02,3.2869E-02,4.7598E-01,2.5853E+01,8.7649E-01,3.6480E-03,-5.2537E-02,1.1051E-02,6.3545E-01,-1.0000E+00,-1.0000E+00,-1.0000E+00,5.0000E+00,0.0000E+00,0.0000E+00,0.0000E+00,0.0000E+00
53,4.2300E+02,7.5500E+02,3.2869E-02,4.7598E-01,2.5853E+01,8.7649E-01,3.6480E-03,-5.2537E-02,1.1051E-02,6.3545E-01,-1.0000E+00,-1.0000E+00,-1.0000E+00,5.0000E+00,0.0000E+00,0.0000E+00,0.0000E+00,0.0000E+00
54,4.2300E+02,7.5500E+02,3.2869E-02,4.7598E-01,2.5853E+01,8.7649E-01,3.6480E-03,-5.2537E-02,1.1051E-02,6.3545E-01,-1.0000E+00,-1.0000E+00,-1.0000E+00,5.0000E+00,0.0000E+00,0.0000E+00,0.0000E+00,0.0000E+00
55,4.2300E+02,7.5500E+02,3.2869E-02,4.7598E-01,2.5853E+01,8.7649E-01,3.6480E-03,-5.2537E-02,1.1051E-02,6.3545E-01,-1.0000E+00,-1.0000E+00,-1.0000E+00,5.0000E+00,0.0000E+00,0.0000E+00,0.0000E+00,0.0000E+00
56,4.2300E+02,7.5500E+02,3.2869E-02,4.7598E-01,2.5853E+01,8.7649E-01,3.6480E-03,-5.2537E-02,1.1051E-02,6.3545E-01,-1.0000E+00,-1.0000E+00,-1.0000E+00,5.0000E+00,0.0000E+00,0.0000E+00,0.0000E+00,0.0000E+00
57,4.2300E+02,7.5500E+02,3.2869E-02,4.7598E-01,2.5853E+01,8.7649E-01,3.6480E-03,-5.2537E-02,1.1051E-02,6.3545E-01,-1.0000E+00,-1.0000E+00,-1.0000E+00,5.0000E+00,0.0000E+00,0.0000E+00,0.0000E+00,0.0000E+00
58,4.2300E+02,7.5500E+02,3.2869E-02,4.7598E-01,2.5853E+01,8.7649E-01,3.6480E-03,-5.2537E-02,1.1051E-02,6.3545E-01,-1.0000E+00,-1.0000E+00,-1.0000E+00,5.0000E+00,0.0000E+00,0.0000E+00,0.0000E+00,0.0000E+00
59,4.2300E+02,7.5500E+02,3.2869E-02,4.7598E-01,2.5853E+01,8.7649E-01,3.6480E-03,-5.2537E-02,1.1051E-02,6.3545E-01,-1.0000E+00,-1.0000E+00,-1.0000E+00,5.0000E+00,0.0000E+00,0.0000E+00,0.0000E+00,0.0000E+00
60,4.2300E+02,7.5500E+02,3.2869E-02,4.7598E-01,2.5853E+01,8.7649E-01,3.6480E-03,-5.2537E-02,1.1051E-02,6.3545E-01,-1.0000E+00,-1.0000E+00,-1.0000E+00,5.0000E+00,0.0000E+00,0.0000E+00,0.0000E+00,0.0000E+00
61,4.2300E+02,7.5500E+02,3.2869E-02,4.7598E-01,2.5853E+01,8.7649E-01,3.6480E-03,-5.2537E-02,1.1051E-02,6.3545E-01,-1.0000E+00,-1.0000E+00,-1.0000E+00,5.0000E+00,0.0000E+00,0.0000E+00,0.0000E+00,0.0000E+00
62,4.2300E+02,7.5500E+02,3.2869E-02,4.7598E-01,2.5853E+01,8.7649E-01,3.6480E-03,-5.2537E-02,1.1051E-02,6.3545E-01,-1.0000E+00,-1.0000E+00,-1.0000E+00,5.0000E+00,0.0000E+00,0.0000E+00,0.0000E+00,0.0000E+00
63,4.2300E+02,7.5500E+02,3.2869E-02,4.7598E-01,2.5853E+01,8.7649E-01,3.6480E-03,-5.2537E-02,1.1051E-02,6.3545E-01,-1.0000E+00,-1.0000E+00,-1.0000E+00,5.0000E+00,0.0000E+00,0.0000E+00,0.0000E+00,0.0000E+00
64,4.2300E+02,7.5500E+02,3.2869E-02,4.7598E-01,2.5853E+01,8.7649E-01,3.6480E-03,-5.2537E-02,1.1051E-02,6.3545E-01,-1.0000E+00,-1.0000E+00,-1.0000E+00,5.0000E+00,0.0000E+00,0.0000E+00,0.0000E+00,0.0000E+00
65,4.2300E+02,7.5500E+02,3.2869E-02,4.7598E-01,2.5853E+01,8.7649E-01,3.6480E-03,-5.2537E-02,1.1051E-02,6.3545E-01,-1.0000E+00,-1.0000E+00,-1.0000E+00,5.0000E+00,0.0000E+00,0.0000E+00,0.0000E+00,0.0000E+00
66,4.2300E+02,7.5500E+02,3.2869E-02,4.7598E-01,2.5853E+01,8.7649E-01,3.6480E-03,-5.2537E-02,1.1051E-02,6.3545E-01,-1.0000E+00,-1.0000E+00,-1.0000E+00,5.0000E+00,0.0000E+00,0.0000E+00,0.0000E+00,0.0000E+00
67,4.2300E+02,7.5500E+02,3.2869E-02,4.7598E-01,2.5853E+01,8.7649E-01,3.6480E-03,-5.2537E-02,1.1051E-02,6.3545E-01,-1.0000E+00,-1.0000E+00,-1.0000E+00,5.0000E+00,0.0000E+00,0.0000E+00,0.0000E+00,0.0000E+00
68,4.2300E+02,7.5500E+02,3.2869E-02,4.7598E-01,2.5853E+01,8.7649E-01,3.6480E-03,-5.2537E-02,1.1051E-02,6.3545E-01,-1.0000E+00,-1.0000E+00,-1.0000E+00,5.0000E+00,0.0000E+00,0.0000E+00,0.0000E+00,0.0000E+00
69,4.2300E+02,7.5500E+02,3.2869E-02,4.7598E-01,2.5853E+01,8.7649E-01,3.6480E-03,-5.2537E-02,1.1051E-02,6.3545E-01,-1.0000E+00,-1.0000E+00,-1.0000E+00,5.0000E+00,0.0000E+00,0.0000E+00,0.0000E+00,0.0000E+00
70,4.2300E+02,7.5500E+02,3.2869E-02,4.7598E-01,2.5853E+01,8.7649E-01,3.6480E-03,-5.2537E-02,1.1051E-02,6.3545E-01,-1.0000E+00,-1.0000E+00,-1.0000E+00,5.0000E+00,0.0000E+00,0.0000E+00,0.0000E+00,0.0000E+00
71,4.2300E+02,7.5500E+02,3.2869E-02,4.7598E-01,2.5853E+01,8.7649E-01,3.6480E-03,-5.2537E-02,1.1051E-02,6.3545E-01,-1.0000E+00,-1.0000E+00,-1.0000E+00,5.0000E+00,0.0000E+00,0.0000E+00,0.0000E+00,0.0000E+00
72,4.2300E+02,7.5500E+02,3.2869E-02,4.7598E-01,2.5853E+01,8.7649E-01,3.6480E-03,-5.2537E-02,1.1051E-02,6.3545E-01,-1.0000E+00,-1.0000E+00,-1.0000E+00,5.0000E+00,0.0000E+00,0.0000E+00,0.0000E+00,0.0000E+00
