FRAME,COORDINATE_X,COORDINATE_Y,DISPLACEMENT_X,DISPLACEMENT_Y,MODEL_COORDINATES_X,MODEL_COORDINATES_Y,MODEL_COORDINATES_Z,MODEL_DISPLACEMENT_X,MODEL_DISPLACEMENT_Y,MODEL_DISPLACEMENT_Z,SIGMA,GAMMA,BETA,STATUS_FLAG,UNCERTAINTY,VSG_STRAIN_XX,VSG_STRAIN_YY,VSG_STRAIN_XY
0,3.9500E+02,6.2900E+02,-1.4382E-02,-1.1725E-01,2.9000E+01,-6.2806E+00,-4.9912E-02,4.7980E-03,-9.4637E-03,-3.7207E-02,9.5139E-02,9.0713E-02,0.0000E+00,4.0000E+00,8.9256E-02,2.0029E-04,-5.8553E-05,-4.5892E-05
1,3.9500E+02,6.2900E+02,1.7258E-02,2.1082E-01,2.9000E+01,-6.2806E+00,-4.9912E-02,3.1645E-03,1.1113E-02,-6.1136E-02,9.8955E-02,6.1517E-02,0.0000E+00,4.0000E+00,9.2836E-02,-8.0214E-06,-1.6570E-04,-3.7256E-05
2,3.9500E+02,6.2900E+02,-4.6816E-02,3.7431E-01,2.9000E+01,-6.2806E+00,-4.9912E-02,5.5035E-03,2.4012E-02,-4.2856E-03,1.2935E-01,7.1912E-02,0.0000E+00,4.0000E+00,1.2135E-01,7.3502E-05,3.7076E-05,1.6512E-04
3,3.9500E+02,6.2900E+02,9.4731E-02,2.1982E-01,2.9000E+01,-6.2806E+00,-4.9912E-02,-3.2789E-03,9.5166E-03,-8.7423E-02,8.8165E-02,5.8157E-02,0.0000E+00,4.0000E+00,8.2713E-02,-6.8471E-05,1.2965E-04,-2.7340E-04
4,3.9500E+02,6.2900E+02,-4.2621E-03,2.3010E-01,2.9000E+01,-6.2806E+00,-4.9912E-02,6.2994E-03,7.8724E-03,-6.8394E-02,6.2110E-02,8.8838E-02,0.0000E+00,4.0000E+00,5.8269E-02,-6.0561E-04,7.6734E-04,-3.3540E-04
5,3.9500E+02,6.2900E+02,1.0371E-02,2.4960E-01,2.9000E+01,-6.2806E+00,-4.9912E-02,6.5067E-03,9.1513E-03,-9.0661E-02,8.9086E-02,3.0952E-02,0.0000E+00,4.0000E+00,8.3577E-02,-1.1208E-04,2.5717E-04,2.9800E-04
6,3.9500E+02,6.2900E+02,1.1636E-01,5.1167E-01,2.9000E+01,-6.2806E+00,-4.9912E-02,-5.5816E-03,1.9002E-02,-8.6832E-02,9.4876E-02,4.7454E-02,0.0000E+00,4.0000E+00,8.9009E-02,-3.5109E-04,3.6116E-05,-3.6058E-04
7,3.9500E+02,6.2900E+02,5.2527E-02,3.7381E-01,2.9000E+01,-6.2806E+00,-4.9912E-02,-5.2308E-03,2.5261E-02,-9.5821E-03,7.3427E-02,6.2194E-02,0.0000E+00,4.0000E+00,6.8886E-02,-2.0947E-04,3.3714E-04,2.8765E-05
8,3.9500E+02,6.2900E+02,1.5775E-01,3.9715E-01,2.9000E+01,-6.2806E+00,-4.9912E-02,-5.6827E-03,1.6227E-02,-1.4250E-01,4.7372E-02,5.9618E-02,0.0000E+00,4.0000E+00,4.4443E-02,-8.0784E-04,7.7502E-04,4.2245E-04
9,3.9500E+02,6.2900E+02,1.1835E-01,4.1265E-01,2.9000E+01,-6.2806E+00,-4.9912E-02,-4.9432E-03,1.9591E-02,-9.9146E-02,1.1738E-01,5.9728E-02,0.0000E+00,4.0000E+00,1.1012E-01,-1.0052E-03,1.3243E-04,6.0233E-04
10,3.9500E+02,6.2900E+02,9.7647E-02,4.9573E-01,2.9000E+01,-6.2806E+00,-4.9912E-02,-7.2373E-03,3.0842E-02,-4.5914E-02,9.9350E-02,5.1769E-02,0.0000E+00,4.0000E+00,9.3206E-02,-6.4565E-04,-9.9246E-04,-5.4391E-04
11,3.9500E+02,6.2900E+02,1.3307E-01,3.2775E-01,2.9000E+01,-6.2806E+00,-4.9912E-02,-9.3444E-03,1.2896E-02,-6.5427E-02,1.3040E-01,6.5293E-02,0.0000E+00,4.0000E+00,1.2234E-01,-1.0030E-04,6.5202E-04,1.2379E-03
12,3.9500E+02,6.2900E+02,2.2608E-01,3.2141E-01,2.9000E+01,-6.2806E+00,-4.9912E-02,-1.6957E-02,1.4457E-02,-9.9918E-02,5.6846E-02,4.9485E-02,0.0000E+00,4.0000E+00,5.3331E-02,-1.7947E-05,4.3418E-04,8.8725E-04
13,3.9500E+02,6.2900E+02,1.6055E-01,2.6307E-01,2.9000E+01,-6.2806E+00,-4.9912E-02,-7.8298E-03,8.3254E-03,-1.2028E-01,7.9875E-02,6.9464E-02,0.0000E+00,4.0000E+00,7.4935E-02,-6.7249E-04,6.7635E-04,1.6879E-03
14,3.9500E+02,6.2900E+02,-5.0610E-02,5.7144E-01,2.9000E+01,-6.2806E+00,-4.9912E-02,1.3802E-02,3.1222E-02,-9.7643E-02,1.3567E-01,5.6089E-02,0.0000E+00,4.0000E+00,1.2728E-01,-4.7920E-04,-1.0313E-03,-4.6593E-04
15,3.9500E+02,6.2900E+02,-2.3563E-02,5.1005E-01,2.9000E+01,-6.2806E+00,-4.9912E-02,6.1482E-03,2.5099E-02,-4.1285E-02,1.0040E-01,6.6455E-02,0.0000E+00,4.0000E+00,9.4194E-02,-6.4444E-04,1.3099E-03,1.1517E-03
16,3.9500E+02,6.2900E+02,-1.6285E-02,5.9369E-01,2.9000E+01,-6.2806E+00,-4.9912E-02,8.6711E-03,2.3454E-02,-7.9329E-02,1.1027E-01,5.8289E-02,0.0000E+00,4.0000E+00,1.0345E-01,-1.0820E-04,-3.6725E-03,4.8293E-04
17,3.9500E+02,6.2900E+02,-6.1937E-02,4.5501E-01,2.9000E+01,-6.2806E+00,-4.9912E-02,1.5207E-02,1.9765E-02,-9.7579E-02,8.4743E-02,4.2909E-02,0.0000E+00,4.0000E+00,7.9503E-02,0.0000E+00,0.0000E+00,0.0000E+00
18,3.9500E+02,6.2900E+02,-7.3586E-02,3.9183E-01,2.9000E+01,-6.2806E+00,-4.9912E-02,1.0834E-02,2.7980E-02,-3.3183E-02,7.8822E-02,2.9362E-02,0.0000E+00,4.0000E+00,7.3948E-02,0.0000E+00,0.0000E+00,0.0000E+00
19,3.9500E+02,6.2900E+02,7.6865E-02,6.5584E-01,2.9000E+01,-6.2806E+00,-4.9912E-02,5.5672E-03,2.2256E-02,-1.6603E-01,7.9611E-02,5.9340E-02,0.0000E+00,4.0000E+00,7.4689E-02,0.0000E+00,0.0000E+00,0.0000E+00
20,3.9500E+02,6.2900E+02,4.7252E-02,6.9580E-01,2.9000E+01,-6.2806E+00,-4.9912E-02,6.5528E-03,3.3863E-02,-1.4108E-01,1.0448E-01,3.9339E-02,0.0000E+00,4.0000E+00,9.8021E-02,0.0000E+00,0.0000E+00,0.0000E+00
21,3.9500E+02,6.2900E+02,1.7765E-01,2.7012E-01,2.9000E+01,-6.2806E+00,-4.9912E-02,-2.1460E-03,1.7097E-02,-2.1413E-01,-1.0000E+00,7.2938E-02,0.0000E+00,4.0000E+00,0.0000E+00,0.0000E+00,0.0000E+00,0.0000E+00
22,3.9500E+02,6.2900E+02,1.7765E-01,2.7012E-01,2.9000E+01,-6.2806E+00,-4.9912E-02,-2.1460E-03,1.7097E-02,-2.1413E-01,-1.0000E+00,-1.0000E+00,-1.0000E+00,5.0000E+00,0.0000E+00,0.0000E+00,0.0000E+00,0.0000E+00
23,3.9500E+02,6.2900E+02,1.7765E-01,2.7012E-01,2.9000E+01,-6.2806E+00,-4.9912E-02,-2.1460E-03,1.7097E-02,-2.1413E-01,-1.0000E+00,-1.0000E+00,-1.0000E+00,5.0000E+00,0.0000E+00,0.0000E+00,0.0000E+00,0.0000E+00
24,3.9500E+02,6.2900E+02,1.7765E-01,2.7012E-01,2.9000E+01,-6.2806E+00,-4.9912E-02,-2.1460E-03,1.7097E-02,-2.1413E-01,-1.0000E+00,-1.0000E+00,-1.0000E+00,5.0000E+00,0.0000E+00,0.0000E+00,0.0000E+00,0.0000E+00
25,3.9500E+02,6.2900E+02,1.7765E-01,2.7012E-01,2.9000E+01,-6.2806E+00,-4.9912E-02,-2.1460E-03,1.7097E-02,-2.1413E-01,-1.0000E+00,-1.0000E+00,-1.0000E+00,5.0000E+00,0.0000E+00,0.0000E+00,0.0000E+00,0.0000E+00
26,3.9500E+02,6.2900E+02,1.7765E-01,2.7012E-01,2.9000E+01,-6.2806E+00,-4.9912E-02,-2.1460E-03,1.7097E-02,-2.1413E-01,-1.0000E+00,-1.0000E+00,-1.0000E+00,5.0000E+00,0.0000E+00,0.0000E+00,0.0000E+00,0.0000E+00
27,3.9500E+02,6.2900E+02,1.7765E-01,2.7012E-01,2.9000E+01,-6.2806E+00,-4.9912E-02,-2.1460E-03,1.7097E-02,-2.1413E-01,-1.0000E+00,-1.0000E+00,-1.0000E+00,5.0000E+00,0.0000E+00,0.0000E+00,0.0000E+00,0.0000E+00
28,3.9500E+02,6.2900E+02,1.7765E-01,2.7012E-01,2.9000E+01,-6.2806E+00,-4.9912E-02,-2.1460E-03,1.7097E-02,-2.1413E-01,-1.0000E+00,-1.0000E+00,-1.0000E+00,5.0000E+00,0.0000E+00,0.0000E+00,0.0000E+00,0.0000E+00
29,3.9500E+02,6.2900E+02,1.7765E-01,2.7012E-01,2.9000E+01,-6.2806E+00,-4.9912E-02,-2.1460E-03,1.7097E-02,-2.1413E-01,-1.0000E+00,-1.0000E+00,-1.0000E+00,5.0000E+00,0.0000E+00,0.0000E+00,0.0000E+00,0.0000E+00
30,3.9500E+02,6.2900E+02,1.7765E-01,2.7012E-01,2.9000E+01,-6.2806E+00,-4.9912E-02,-2.1460E-03,1.7097E-02,-2.1413E-01,-1.0000E+00,-1.0000E+00,-1.0000E+00,5.0000E+00,0.0000E+00,0.0000E+00,0.0000E+00,0.0000E+00
31,3.9500E+02,6.2900E+02,1.7765E-01,2.7012E-01,2.9000E+01,-6.2806E+00,-4.9912E-02,-2.1460E-03,1.7097E-02,-2.1413E-01,-1.0000E+00,-1.0000E+00,-1.0000E+00,5.0000E+00,0.0000E+00,0.0000E+00,0.0000E+00,0.0000E+00
32,3.9500E+02,6.2900E+02,1.7765E-01,2.7012E-01,2.9000E+01,-6.2806E+00,-4.9912E-02,-2.1460E-03,1.7097E-02,-2.1413E-01,-1.0000E+00,-1.0000E+00,-1.0000E+00,5.0000E+00,0.0000E+00,0.0000E+00,0.0000E+00,0.0000E+00
33,3.9500E+02,6.2900E+02,1.7765E-01,2.7012E-01,2.9000E+01,-6.2806E+00,-4.9912E-02,-2.1460E-03,1.7097E-02,-2.1413E-01,-1.0000E+00,-1.0000E+00,-1.0000E+00,5.0000E+00,0.0000E+00,0.0000E+00,0.0000E+00,0.0000E+00
34,3.9500E+02,6.2900E+02,1.7765E-01,2.7012E-01,2.9000E+01,-6.2806E+00,-4.9912E-02,-2.1460E-03,1.7097E-02,-2.1413E-01,-1.0000E+00,-1.0000E+00,-1.0000E+00,5.0000E+00,0.0000E+00,0.0000E+00,0.0000E+00,0.0000E+00
35,3.9500E+02,6.2900E+02,1.7765E-01,2.7012E-01,2.9000E+01,-6.2806E+00,-4.9912E-02,-2.1460E-03,1.7097E-02,-2.1413E-01,-1.0000E+00,-1.0000E+00,-1.0000E+00,5.0000E+00,0.0000E+00,0.0000E+00,0.0000E+00,0.0000E+00
36,3.9500E+02,6.2900E+02,1.7765E-01,2.7012E-01,2.9000E+01,-6.2806E+00,-4.9912E-02,-2.1460E-03,1.7097E-02,-2.1413E-01,-1.0000E+00,-1.0000E+00,-1.0000E+00,5.0000E+00,0.0000E+00,0.0000E+00,0.0000E+00,0.0000E+00
37,3.9500E+02,6.2900E+02,1.7765E-01,2.7012E-01,2.9000E+01,-6.2806E+00,-4.9912E-02,-2.1460E-03,1.7097E-02,-2.1413E-01,-1.0000E+00,-1.0000E+00,-1.0000E+00,5.0000E+00,0.0000E+00,0.0000E+00,0.0000E+00,0.0000E+00
38,3.9500E+02,6.2900E+02,1.7765E-01,2.7012E-01,2.9000E+01,-6.2806E+00,-4.9912E-02,-2.1460E-03,1.7097E-02,-2.1413E-01,-1.0000E+00,-1.0000E+00,-1.0000E+00,5.0000E+00,0.0000E+00,0.0000E+00,0.0000E+00,0.0000E+00
39,3.9500E+02,6.2900E+02,1.7765E-01,2.7012E-01,2.9000E+01,-6.2806E+00,-4.9912E-02,-2.1460E-03,1.7097E-02,-2.1413E-01,-1.0000E+00,-1.0000E+00,-1.0000E+00,5.0000E+00,0.0000E+00,0.0000E+00,0.0000E+00,0.0000E+00
40,3.9500E+02,6.2900E+02,1.7765E-01,2.7012E-01,2.9000E+01,-6.2806E+00,-4.9912E-02,-2.1460E-03,1.7097E-02,-2.1413E-01,-1.0000E+00,-1.0000E+00,-1.0000E+00,5.0000E+00,0.0000E+00,0.0000E+00,0.0000E+00,0.0000E+00
41,3.9500E+02,6.2900E+02,1.7765E-01,2.7012E-01,2.9000E+01,-6.2806E+00,-4.9912E-02,-2.1460E-03,1.7097E-02,-2.1413E-01,-1.0000E+00,-1.0000E+00,-1.0000E+00,5.0000E+00,0.0000E+00,0.0000E+00,0.0000E+00,0.0000E+00
42,3.9500E+02,6.2900E+02,1.7765E-01,2.7012E-01,2.9000E+01,-6.2806E+00,-4.9912E-02,-2.1460E-03,1.7097E-02,-2.1413E-01,-1.0000E+00,-1.0000E+00,-1.0000E+00,5.0000E+00,0.0000E+00,0.0000E+00,0.0000E+00,0.0000E+00
43,3.9500E+02,6.2900E+02,1.7765E-01,2.7012E-01,2.9000E+01,-6.2806E+00,-4.9912E-02,-2.1460E-03,1.7097E-02,-2.1413E-01,-1.0000E+00,-1.0000E+00,-1.0000E+00,5.0000E+00,0.0000E+00,0.0000E+00,0.0000E+00,0.0000E+00
44,3.9500E+02,6.2900E+02,1.7765E-01,2.7012E-01,2.9000E+01,-6.2806E+00,-4.9912E-02,-2.1460E-03,1.7097E-02,-2.1413E-01,-1.0000E+00,-1.0000E+00,-1.0000E+00,5.0000E+00,0.0000E+00,0.0000E+00,0.0000E+00,0.0000E+00
45,3.9500E+02,6.2900E+02,1.7765E-01,2.7012E-01,2.9000E+01,-6.2806E+00,-4.9912E-02,-2.1460E-03,1.7097E-02,-2.1413E-01,-1.0000E+00,-1.0000E+00,-1.0000E+00,5.0000E+00,0.0000E+00,0.0000E+00,0.0000E+00,0.0000E+00
46,3.9500E+02,6.2900E+02,1.7765E-01,2.7012E-01,2.9000E+01,-6.2806E+00,-4.9912E-02,-2.1460E-03,1.7097E-02,-2.1413E-01,-1.0000E+00,-1.0000E+00,-1.0000E+00,5.0000E+00,0.0000E+00,0.0000E+00,0.0000E+00,0.0000E+00
47,3.9500E+02,6.2900E+02,1.7765E-01,2.7012E-01,2.9000E+01,-6.2806E+00,-4.9912E-02,-2.1460E-03,1.7097E-02,-2.1413E-01,-1.0000E+00,-1.0000E+00,-1.0000E+00,5.0000E+00,0.0000E+00,0.0000E+00,0.0000E+00,0.0000E+00
48,3.9500E+02,6.2900E+02,1.7765E-01,2.7012E-01,2.9000E+01,-6.2806E+00,-4.9912E-02,-2.1460E-03,1.7097E-02,-2.1413E-01,-1.0000E+00,-1.0000E+00,-1.0000E+00,5.0000E+00,0.0000E+00,0.0000E+00,0.0000E+00,0.0000E+00
49,3.9500E+02,6.2900E+02,1.7765E-01,2.7012E-01,2.9000E+01,-6.2806E+00,-4.9912E-02,-2.1460E-03,1.7097E-02,-2.1413E-01,-1.0000E+00,-1.0000E+00,-1.0000E+00,5.0000E+00,0.0000E+00,0.0000E+00,0.0000E+00,0.0000E+00
50,3.9500E+02,6.2900E+02,1.7765E-01,2.7012E-01,2.9000E+01,-6.2806E+00,-4.9912E-02,-2.1460E-03,1.7097E-02,-2.1413E-01,-1.0000E+00,-1.0000E+00,-1.0000E+00,5.0000E+00,0.0000E+00,0.0000E+00,0.0000E+00,0.0000E+00
51,3.9500E+02,6.2900E+02,1.7765E-01,2.7012E-01,2.9000E+01,-6.2806E+00,-4.9912E-02,-2.1460E-03,1.7097E-02,-2.1413E-01,-1.0000E+00,-1.0000E+00,-1.0000E+00,5.0000E+00,0.0000E+00,0.0000E+00,0.0000E+00,0.0000E+00
52,3.9500E+02,6.2900E+02,1.7765E-01,2.7012E-01,2.9000E+01,-6.2806E+00,-4.9912E-02,-2.1460E-03,1.7097E-02,-2.1413E-01,-1.0000E+00,-1.0000E+00,-1.0000E+00,5.0000E+00,0.0000E+00,0.0000E+00,0.0000E+00,0.0000E+00
53,3.9500E+02,6.2900E+02,1.7765E-01,2.7012E-01,2.9000E+01,-6.2806E+00,-4.9912E-02,-2.1460E-03,1.7097E-02,-2.1413E-01,-1.0000E+00,-1.0000E+00,-1.0000E+00,5.0000E+00,0.0000E+00,0.0000E+00,0.0000E+00,0.0000E+00
54,3.9500E+02,6.2900E+02,1.7765E-01,2.7012E-01,2.9000E+01,-6.2806E+00,-4.9912E-02,-2.1460E-03,1.7097E-02,-2.1413E-01,-1.0000E+00,-1.0000E+00,-1.0000E+00,5.0000E+00,0.0000E+00,0.0000E+00,0.0000E+00,0.0000E+00
55,3.9500E+02,6.2900E+02,1.7765E-01,2.7012E-01,2.9000E+01,-6.2806E+00,-4.9912E-02,-2.1460E-03,1.7097E-02,-2.1413E-01,-1.0000E+00,-1.0000E+00,-1.0000E+00,5.0000E+00,0.0000E+00,0.0000E+00,0.0000E+00,0.0000E+00
56,3.9500E+02,6.2900E+02,1.7765E-01,2.7012E-01,2.9000E+01,-6.2806E+00,-4.9912E-02,-2.1460E-03,1.7097E-02,-2.1413E-01,-1.0000E+00,-1.0000E+00,-1.0000E+00,5.0000E+00,0.0000E+00,0.0000E+00,0.0000E+00,0.0000E+00
57,3.9500E+02,6.2900E+02,1.7765E-01,2.7012E-01,2.9000E+01,-6.2806E+00,-4.9912E-02,-2.1460E-03,1.7097E-02,-2.1413E-01,-1.0000E+00,-1.0000E+00,-1.0000E+00,5.0000E+00,0.0000E+00,0.0000E+00,0.0000E+00,0.0000E+00
58,3.9500E+02,6.2900E+02,1.7765E-01,2.7012E-01,2.9000E+01,-6.2806E+00,-4.9912E-02,-2.1460E-03,1.7097E-02,-2.1413E-01,-1.0000E+00,-1.0000E+00,-1.0000E+00,5.0000E+00,0.0000E+00,0.0000E+00,0.0000E+00,0.0000E+00
59,3.9500E+02,6.2900E+02,1.7765E-01,2.7012E-01,2.9000E+01,-6.2806E+00,-4.9912E-02,-2.1460E-03,1.7097E-02,-2.1413E-01,-1.0000E+00,-1.0000E+00,-1.0000E+00,5.0000E+00,0.0000E+00,0.0000E+00,0.0000E+00,0.0000E+00
60,3.9500E+02,6.2900E+02,1.7765E-01,2.7012E-01,2.9000E+01,-6.2806E+00,-4.9912E-02,-2.1460E-03,1.7097E-02,-2.1413E-01,-1.0000E+00,-1.0000E+00,-1.0000E+00,5.0000E+00,0.0000E+00,0.0000E+00,0.0000E+00,0.0000E+00
61,3.9500E+02,6.2900E+02,1.7765E-01,2.7012E-01,2.9000E+01,-6.2806E+00,-4.9912E-02,-2.1460E-03,1.7097E-02,-2.1413E-01,-1.0000E+00,-1.0000E+00,-1.0000E+00,5.0000E+00,0.0000E+00,0.0000E+00,0.0000E+00,0.0000E+00
62,3.9500E+02,6.2900E+02,1.7765E-01,2.7012E-01,2.9000E+01,-6.2806E+00,-4.9912E-02,-2.1460E-03,1.7097E-02,-2.1413E-01,-1.0000E+00,-1.0000E+00,-1.0000E+00,5.0000E+00,0.0000E+00,0.0000E+00,0.0000E+00,0.0000E+00
63,3.9500E+02,6.2900E+02,1.7765E-01,2.7012E-01,2.9000E+01,-6.2806E+00,-4.9912E-02,-2.1460E-03,1.7097E-02,-2.1413E-01,-1.0000E+00,-1.0000E+00,-1.0000E+00,5.0000E+00,0.0000E+00,0.0000E+00,0.0000E+00,0.0000E+00
64,3.9500E+02,6.2900E+02,1.7765E-01,2.7012E-01,2.9000E+01,-6.2806E+00,-4.9912E-02,-2.1460E-03,1.7097E-02,-2.1413E-01,-1.0000E+00,-1.0000E+00,-1.0000E+00,5.0000E+00,0.0000E+00,0.0000E+00,0.0000E+00,0.0000E+00
65,3.9500E+02,6.2900E+02,1.7765E-01,2.7012E-01,2.9000E+01,-6.2806E+00,-4.9912E-02,-2.1460E-03,1.7097E-02,-2.1413E-01,-1.0000E+00,-1.0000E+00,-1.0000E+00,5.0000E+00,0.0000E+00,0.0000E+00,0.0000E+00,0.0000E+00
66,3.9500E+02,6.2900E+02,1.7765E-01,2.7012E-01,2.9000E+01,-6.2806E+00,-4.9912E-02,-2.1460E-03,1.7097E-02,-2.1413E-01,-1.0000E+00,-1.0000E+00,-1.0000E+00,5.0000E+00,0.0000E+00,0.0000E+00,0.0000E+00,0.0000E+00
67,3.9500E+02,6.2900E+02,1.7765E-01,2.7012E-01,2.9000E+01,-6.2806E+00,-4.9912E-02,-2.1460E-03,1.7097E-02,-2.1413E-01,-1.0000E+00,-1.0000E+00,-1.0000E+00,5.0000E+00,0.0000E+00,0.0000E+00,0.0000E+00,0.0000E+00
68,3.9500E+02,6.2900E+02,1.7765E-01,2.7012E-01,2.9000E+01,-6.2806E+00,-4.9912E-02,-2.1460E-03,1.7097E-02,-2.1413E-01,-1.0000E+00,-1.0000E+00,-1.0000E+00,5.0000E+00,0.0000E+00,0.0000E+00,0.0000E+00,0.0000E+00
69,3.9500E+02,6.2900E+02,1.7765E-01,2.7012E-01,2.9000E+01,-6.2806E+00,-4.9912E-02,-2.1460E-03,1.7097E-02,-2.1413E-01,-1.0000E+00,-1.0000E+00,-1.0000E+00,5.0000E+00,0.0000E+00,0.0000E+00,0.0000E+00,0.0000E+00
70,3.9500E+02,6.2900E+02,1.7765E-01,2.7012E-01,2.9000E+01,-6.2806E+00,-4.9912E-02,-2.1460E-03,1.7097E-02,-2.1413E-01,-1.0000E+00,-1.0000E+00,-1.0000E+00,5.0000E+00,0.0000E+00,0.0000E+00,0.0000E+00,0.0000E+00
71,3.9500E+02,6.2900E+02,1.7765E-01,2.7012E-01,2.9000E+01,-6.2806E+00,-4.9912E-02,-2.1460E-03,1.7097E-02,-2.1413E-01,-1.0000E+00,-1.0000E+00,-1.0000E+00,5.0000E+00,0.0000E+00,0.0000E+00,0.0000E+00,0.0000E+00
72,3.9500E+02,6.2900E+02,1.7765E-01,2.7012E-01,2.9000E+01,-6.2806E+00,-4.9912E-02,-2.1460E-03,1.7097E-02,-2.1413E-01,-1.0000E+00,-1.0000E+00,-1.0000E+00,5.0000E+00,0.0000E+00,0.0000E+00,0.0000E+00,0.0000E+00
