FRAME,COORDINATE_X,COORDINATE_Y,DISPLACEMENT_X,DISPLACEMENT_Y,MODEL_COORDINATES_X,MODEL_COORDINATES_Y,MODEL_COORDINATES_Z,MODEL_DISPLACEMENT_X,MODEL_DISPLACEMENT_Y,MODEL_DISPLACEMENT_Z,SIGMA,GAMMA,BETA,STATUS_FLAG,UNCERTAINTY,VSG_STRAIN_XX,VSG_STRAIN_YY,VSG_STRAIN_XY
0,3.5300E+02,5.8000E+02,-1.0832E-01,-4.5394E-01,3.3739E+01,-9.0848E+00,-2.1867E-01,7.4873E-03,-9.6738E-03,4.6833E-02,6.6297E-02,5.9097E-02,0.0000E+00,4.0000E+00,6.3331E-02,-3.1286E-04,2.2348E-04,4.5351E-05
1,3.5300E+02,5.8000E+02,4.8789E-02,5.7126E-02,3.3739E+01,-9.0848E+00,-2.1867E-01,-3.1403E-05,6.2395E-03,-6.0183E-02,7.5473E-02,8.8828E-02,0.0000E+00,4.0000E+00,7.2096E-02,-5.6488E-04,1.6011E-04,-2.5306E-04
2,3.5300E+02,5.8000E+02,-9.7831E-02,-5.4999E-02,3.3739E+01,-9.0848E+00,-2.1867E-01,9.8307E-03,4.9803E-04,1.1757E-02,5.5183E-02,5.8040E-02,0.0000E+00,4.0000E+00,5.2714E-02,-2.8056E-04,1.9765E-04,1.5621E-04
3,3.5300E+02,5.8000E+02,7.3964E-02,-1.4813E-01,3.3739E+01,-9.0848E+00,-2.1867E-01,-2.6989E-03,-9.7785E-03,-6.0354E-02,7.3793E-02,8.6359E-02,0.0000E+00,4.0000E+00,7.0491E-02,-3.4804E-04,7.4709E-05,-3.3302E-04
4,3.5300E+02,5.8000E+02,3.6687E-02,1.2962E-01,3.3739E+01,-9.0848E+00,-2.1867E-01,-4.2467E-04,-5.0825E-04,-3.7928E-02,-1.0000E+00,9.2923E-02,0.0000E+00,4.0000E+00,0.0000E+00,0.0000E+00,0.0000E+00,0.0000E+00
5,3.5300E+02,5.8000E+02,3.6687E-02,1.2962E-01,3.3739E+01,-9.0848E+00,-2.1867E-01,-4.2467E-04,-5.0825E-04,-3.7928E-02,-1.0000E+00,-1.0000E+00,-1.0000E+00,5.0000E+00,0.0000E+00,0.0000E+00,0.0000E+00,0.0000E+00
6,3.5300E+02,5.8000E+02,3.6687E-02,1.2962E-01,3.3739E+01,-9.0848E+00,-2.1867E-01,-4.2467E-04,-5.0825E-04,-3.7928E-02,-1.0000E+00,-1.0000E+00,-1.0000E+00,5.0000E+00,0.0000E+00,0.0000E+00,0.0000E+00,0.0000E+00
7,3.5300E+02,5.8000E+02,3.6687E-02,1.2962E-01,3.3739E+01,-9.0848E+00,-2.1867E-01,-4.2467E-04,-5.0825E-04,-3.7928E-02,-1.0000E+00,-1.0000E+00,-1.0000E+00,5.0000E+00,0.0000E+00,0.0000E+00,0.0000E+00,0.0000E+00
8,3.5300E+02,5.8000E+02,3.6687E-02,1.2962E-01,3.3739E+01,-9.0848E+00,-2.1867E-01,-4.2467E-04,-5.0825E-04,-3.7928E-02,-1.0000E+00,-1.0000E+00,-1.0000E+00,5.0000E+00,0.0000E+00,0.0000E+00,0.0000E+00,0.0000E+00
9,3.5300E+02,5.8000E+02,3.6687E-02,1.2962E-01,3.3739E+01,-9.0848E+00,-2.1867E-01,-4.2467E-04,-5.0825E-04,-3.7928E-02,-1.0000E+00,-1.0000E+00,-1.0000E+00,5.0000E+00,0.0000E+00,0.0000E+00,0.0000E+00,0.0000E+00
10,3.5300E+02,5.8000E+02,3.6687E-02,1.2962E-01,3.3739E+01,-9.0848E+00,-2.1867E-01,-4.2467E-04,-5.0825E-04,-3.7928E-02,-1.0000E+00,-1.0000E+00,-1.0000E+00,5.0000E+00,0.0000E+00,0.0000E+00,0.0000E+00,0.0000E+00
11,3.5300E+02,5.8000E+02,3.6687E-02,1.2962E-01,3.3739E+01,-9.0848E+00,-2.1867E-01,-4.2467E-04,-5.0825E-04,-3.7928E-02,-1.0000E+00,-1.0000E+00,-1.0000E+00,5.0000E+00,0.0000E+00,0.0000E+00,0.0000E+00,0.0000E+00
12,3.5300E+02,5.8000E+02,3.6687E-02,1.2962E-01,3.3739E+01,-9.0848E+00,-2.1867E-01,-4.2467E-04,-5.0825E-04,-3.7928E-02,-1.0000E+00,-1.0000E+00,-1.0000E+00,5.0000E+00,0.0000E+00,0.0000E+00,0.0000E+00,0.0000E+00
13,3.5300E+02,5.8000E+02,3.6687E-02,1.2962E-01,3.3739E+01,-9.0848E+00,-2.1867E-01,-4.2467E-04,-5.0825E-04,-3.7928E-02,-1.0000E+00,-1.0000E+00,-1.0000E+00,5.0000E+00,0.0000E+00,0.0000E+00,0.0000E+00,0.0000E+00
14,3.5300E+02,5.8000E+02,3.6687E-02,1.2962E-01,3.3739E+01,-9.0848E+00,-2.1867E-01,-4.2467E-04,-5.0825E-04,-3.7928E-02,-1.0000E+00,-1.0000E+00,-1.0000E+00,5.0000E+00,0.0000E+00,0.0000E+00,0.0000E+00,0.0000E+00
15,3.5300E+02,5.8000E+02,3.6687E-02,1.2962E-01,3.3739E+01,-9.0848E+00,-2.1867E-01,-4.2467E-04,-5.0825E-04,-3.7928E-02,-1.0000E+00,-1.0000E+00,-1.0000E+00,5.0000E+00,0.0000E+00,0.0000E+00,0.0000E+00,0.0000E+00
16,3.5300E+02,5.8000E+02,3.6687E-02,1.2962E-01,3.3739E+01,-9.0848E+00,-2.1867E-01,-4.2467E-04,-5.0825E-04,-3.7928E-02,-1.0000E+00,-1.0000E+00,-1.0000E+00,5.0000E+00,0.0000E+00,0.0000E+00,0.0000E+00,0.0000E+00
17,3.5300E+02,5.8000E+02,3.6687E-02,1.2962E-01,3.3739E+01,-9.0848E+00,-2.1867E-01,-4.2467E-04,-5.0825E-04,-3.7928E-02,-1.0000E+00,-1.0000E+00,-1.0000E+00,5.0000E+00,0.0000E+00,0.0000E+00,0.0000E+00,0.0000E+00
18,3.5300E+02,5.8000E+02,3.6687E-02,1.2962E-01,3.3739E+01,-9.0848E+00,-2.1867E-01,-4.2467E-04,-5.0825E-04,-3.7928E-02,-1.0000E+00,-1.0000E+00,-1.0000E+00,5.0000E+00,0.0000E+00,0.0000E+00,0.0000E+00,0.0000E+00
19,3.5300E+02,5.8000E+02,3.6687E-02,1.2962E-01,3.3739E+01,-9.0848E+00,-2.1867E-01,-4.2467E-04,-5.0825E-04,-3.7928E-02,-1.0000E+00,-1.0000E+00,-1.0000E+00,5.0000E+00,0.0000E+00,0.0000E+00,0.0000E+00,0.0000E+00
20,3.5300E+02,5.8000E+02,3.6687E-02,1.2962E-01,3.3739E+01,-9.0848E+00,-2.1867E-01,-4.2467E-04,-5.0825E-04,-3.7928E-02,-1.0000E+00,-1.0000E+00,-1.0000E+00,5.0000E+00,0.0000E+00,0.0000E+00,0.0000E+00,0.0000E+00
21,3.5300E+02,5.8000E+02,3.6687E-02,1.2962E-01,3.3739E+01,-9.0848E+00,-2.1867E-01,-4.2467E-04,-5.0825E-04,-3.7928E-02,-1.0000E+00,-1.0000E+00,-1.0000E+00,5.0000E+00,0.0000E+00,0.0000E+00,0.0000E+00,0.0000E+00
22,3.5300E+02,5.8000E+02,3.6687E-02,1.2962E-01,3.3739E+01,-9.0848E+00,-2.1867E-01,-4.2467E-04,-5.0825E-04,-3.7928E-02,-1.0000E+00,-1.0000E+00,-1.0000E+00,5.0000E+00,0.0000E+00,0.0000E+00,0.0000E+00,0.0000E+00
23,3.5300E+02,5.8000E+02,3.6687E-02,1.2962E-01,3.3739E+01,-9.0848E+00,-2.1867E-01,-4.2467E-04,-5.0825E-04,-3.7928E-02,-1.0000E+00,-1.0000E+00,-1.0000E+00,5.0000E+00,0.0000E+00,0.0000E+00,0.0000E+00,0.0000E+00
24,3.5300E+02,5.8000E+02,3.6687E-02,1.2962E-01,3.3739E+01,-9.0848E+00,-2.1867E-01,-4.2467E-04,-5.0825E-04,-3.7928E-02,-1.0000E+00,-1.0000E+00,-1.0000E+00,5.0000E+00,0.0000E+00,0.0000E+00,0.0000E+00,0.0000E+00
25,3.5300E+02,5.8000E+02,3.6687E-02,1.2962E-01,3.3739E+01,-9.0848E+00,-2.1867E-01,-4.2467E-04,-5.0825E-04,-3.7928E-02,-1.0000E+00,-1.0000E+00,-1.0000E+00,5.0000E+00,0.0000E+00,0.0000E+00,0.0000E+00,0.0000E+00
26,3.5300E+02,5.8000E+02,3.6687E-02,1.2962E-01,3.3739E+01,-9.0848E+00,-2.1867E-01,-4.2467E-04,-5.0825E-04,-3.7928E-02,-1.0000E+00,-1.0000E+00,-1.0000E+00,5.0000E+00,0.0000E+00,0.0000E+00,0.0000E+00,0.0000E+00
27,3.5300E+02,5.8000E+02,3.6687E-02,1.2962E-01,3.3739E+01,-9.0848E+00,-2.1867E-01,-4.2467E-04,-5.0825E-04,-3.7928E-02,-1.0000E+00,-1.0000E+00,-1.0000E+00,5.0000E+00,0.0000E+00,0.0000E+00,0.0000E+00,0.0000E+00
28,3.5300E+02,5.8000E+02,3.6687E-02,1.2962E-01,3.3739E+01,-9.0848E+00,-2.1867E-01,-4.2467E-04,-5.0825E-04,-3.7928E-02,-1.0000E+00,-1.0000E+00,-1.0000E+00,5.0000E+00,0.0000E+00,0.0000E+00,0.0000E+00,0.0000E+00
29,3.5300E+02,5.8000E+02,3.6687E-02,1.2962E-01,3.3739E+01,-9.0848E+00,-2.1867E-01,-4.2467E-04,-5.0825E-04,-3.7928E-02,-1.0000E+00,-1.0000E+00,-1.0000E+00,5.0000E+00,0.0000E+00,0.0000E+00,0.0000E+00,0.0000E+00
30,3.5300E+02,5.8000E+02,3.6687E-02,1.2962E-01,3.3739E+01,-9.0848E+00,-2.1867E-01,-4.2467E-04,-5.0825E-04,-3.7928E-02,-1.0000E+00,-1.0000E+00,-1.0000E+00,5.0000E+00,0.0000E+00,0.0000E+00,0.0000E+00,0.0000E+00
31,3.5300E+02,5.8000E+02,3.6687E-02,1.2962E-01,3.3739E+01,-9.0848E+00,-2.1867E-01,-4.2467E-04,-5.0825E-04,-3.7928E-02,-1.0000E+00,-1.0000E+00,-1.0000E+00,5.0000E+00,0.0000E+00,0.0000E+00,0.0000E+00,0.0000E+00
32,3.5300E+02,5.8000E+02,3.6687E-02,1.2962E-01,3.3739E+01,-9.0848E+00,-2.1867E-01,-4.2467E-04,-5.0825E-04,-3.7928E-02,-1.0000E+00,-1.0000E+00,-1.0000E+00,5.0000E+00,0.0000E+00,0.0000E+00,0.0000E+00,0.0000E+00
33,3.5300E+02,5.8000E+02,3.6687E-02,1.2962E-01,3.3739E+01,-9.0848E+00,-2.1867E-01,-4.2467E-04,-5.0825E-04,-3.7928E-02,-1.0000E+00,-1.0000E+00,-1.0000E+00,5.0000E+00,0.0000E+00,0.0000E+00,0.0000E+00,0.0000E+00
34,3.5300E+02,5.8000E+02,3.6687E-02,1.2962E-01,3.3739E+01,-9.0848E+00,-2.1867E-01,-4.2467E-04,-5.0825E-04,-3.7928E-02,-1.0000E+00,-1.0000E+00,-1.0000E+00,5.0000E+00,0.0000E+00,0.0000E+00,0.0000E+00,0.0000E+00
35,3.5300E+02,5.8000E+02,3.6687E-02,1.2962E-01,3.3739E+01,-9.0848E+00,-2.1867E-01,-4.2467E-04,-5.0825E-04,-3.7928E-02,-1.0000E+00,-1.0000E+00,-1.0000E+00,5.0000E+00,0.0000E+00,0.0000E+00,0.0000E+00,0.0000E+00
36,3.5300E+02,5.8000E+02,3.6687E-02,1.2962E-01,3.3739E+01,-9.0848E+00,-2.1867E-01,-4.2467E-04,-5.0825E-04,-3.7928E-02,-1.0000E+00,-1.0000E+00,-1.0000E+00,5.0000E+00,0.0000E+00,0.0000E+00,0.0000E+00,0.0000E+00
37,3.5300E+02,5.8000E+02,3.6687E-02,1.2962E-01,3.3739E+01,-9.0848E+00,-2.1867E-01,-4.2467E-04,-5.0825E-04,-3.7928E-02,-1.0000E+00,-1.0000E+00,-1.0000E+00,5.0000E+00,0.0000E+00,0.0000E+00,0.0000E+00,0.0000E+00
38,3.5300E+02,5.8000E+02,3.6687E-02,1.2962E-01,3.3739E+01,-9.0848E+00,-2.1867E-01,-4.2467E-04,-5.0825E-04,-3.7928E-02,-1.0000E+00,-1.0000E+00,-1.0000E+00,5.0000E+00,0.0000E+00,0.0000E+00,0.0000E+00,0.0000E+00
39,3.5300E+02,5.8000E+02,3.6687E-02,1.2962E-01,3.3739E+01,-9.0848E+00,-2.1867E-01,-4.2467E-04,-5.0825E-04,-3.7928E-02,-1.0000E+00,-1.0000E+00,-1.0000E+00,5.0000E+00,0.0000E+00,0.0000E+00,0.0000E+00,0.0000E+00
40,3.5300E+02,5.8000E+02,3.6687E-02,1.2962E-01,3.3739E+01,-9.0848E+00,-2.1867E-01,-4.2467E-04,-5.0825E-04,-3.7928E-02,-1.0000E+00,-1.0000E+00,-1.0000E+00,5.0000E+00,0.0000E+00,0.0000E+00,0.0000E+00,0.0000E+00
41,3.5300E+02,5.8000E+02,3.6687E-02,1.2962E-01,3.3739E+01,-9.0848E+00,-2.1867E-01,-4.2467E-04,-5.0825E-04,-3.7928E-02,-1.0000E+00,-1.0000E+00,-1.0000E+00,5.0000E+00,0.0000E+00,0.0000E+00,0.0000E+00,0.0000E+00
42,3.5300E+02,5.8000E+02,3.6687E-02,1.2962E-01,3.3739E+01,-9.0848E+00,-2.1867E-01,-4.2467E-04,-5.0825E-04,-3.7928E-02,-1.0000E+00,-1.0000E+00,-1.0000E+00,5.0000E+00,0.0000E+00,0.0000E+00,0.0000E+00,0.0000E+00
43,3.5300E+02,5.8000E+02,3.6687E-02,1.2962E-01,3.3739E+01,-9.0848E+00,-2.1867E-01,-4.2467E-04,-5.0825E-04,-3.7928E-02,-1.0000E+00,-1.0000E+00,-1.0000E+00,5.0000E+00,0.0000E+00,0.0000E+00,0.0000E+00,0.0000E+00
44,3.5300E+02,5.8000E+02,3.6687E-02,1.2962E-01,3.3739E+01,-9.0848E+00,-2.1867E-01,-4.2467E-04,-5.0825E-04,-3.7928E-02,-1.0000E+00,-1.0000E+00,-1.0000E+00,5.0000E+00,0.0000E+00,0.0000E+00,0.0000E+00,0.0000E+00
45,3.5300E+02,5.8000E+02,3.6687E-02,1.2962E-01,3.3739E+01,-9.0848E+00,-2.1867E-01,-4.2467E-04,-5.0825E-04,-3.7928E-02,-1.0000E+00,-1.0000E+00,-1.0000E+00,5.0000E+00,0.0000E+00,0.0000E+00,0.0000E+00,0.0000E+00
46,3.5300E+02,5.8000E+02,3.6687E-02,1.2962E-01,3.3739E+01,-9.0848E+00,-2.1867E-01,-4.2467E-04,-5.0825E-04,-3.7928E-02,-1.0000E+00,-1.0000E+00,-1.0000E+00,5.0000E+00,0.0000E+00,0.0000E+00,0.0000E+00,0.0000E+00
47,3.5300E+02,5.8000E+02,3.6687E-02,1.2962E-01,3.3739E+01,-9.0848E+00,-2.1867E-01,-4.2467E-04,-5.0825E-04,-3.7928E-02,-1.0000E+00,-1.0000E+00,-1.0000E+00,5.0000E+00,0.0000E+00,0.0000E+00,0.0000E+00,0.0000E+00
48,3.5300E+02,5.8000E+02,3.6687E-02,1.2962E-01,3.3739E+01,-9.0848E+00,-2.1867E-01,-4.2467E-04,-5.0825E-04,-3.7928E-02,-1.0000E+00,-1.0000E+00,-1.0000E+00,5.0000E+00,0.0000E+00,0.0000E+00,0.0000E+00,0.0000E+00
49,3.5300E+02,5.8000E+02,3.6687E-02,1.2962E-01,3.3739E+01,-9.0848E+00,-2.1867E-01,-4.2467E-04,-5.0825E-04,-3.7928E-02,-1.0000E+00,-1.0000E+00,-1.0000E+00,5.0000E+00,0.0000E+00,0.0000E+00,0.0000E+00,0.0000E+00
50,3.5300E+02,5.8000E+02,3.6687E-02,1.2962E-01,3.3739E+01,-9.0848E+00,-2.1867E-01,-4.2467E-04,-5.0825E-04,-3.7928E-02,-1.0000E+00,-1.0000E+00,-1.0000E+00,5.0000E+00,0.0000E+00,0.0000E+00,0.0000E+00,0.0000E+00
51,3.5300E+02,5.8000E+02,3.6687E-02,1.2962E-01,3.3739E+01,-9.0848E+00,-2.1867E-01,-4.2467E-04,-5.0825E-04,-3.7928E-02,-1.0000E+00,-1.0000E+00,-1.0000E+00,5.0000E+00,0.0000E+00,0.0000E+00,0.0000E+00,0.0000E+00
52,3.5300E+02,5.8000E+02,3.6687E-02,1.2962E-01,3.3739E+01,-9.0848E+00,-2.1867E-01,-4.2467E-04,-5.0825E-04,-3.7928E-02,-1.0000E+00,-1.0000E+00,-1.0000E+00,5.0000E+00,0.0000E+00,0.0000E+00,0.0000E+00,0.0000E+00
53,3.5300E+02,5.8000E+02,3.6687E-02,1.2962E-01,3.3739E+01,-9.0848E+00,-2.1867E-01,-4.2467E-04,-5.0825E-04,-3.7928E-02,-1.0000E+00,-1.0000E+00,-1.0000E+00,5.0000E+00,0.0000E+00,0.0000E+00,0.0000E+00,0.0000E+00
54,3.5300E+02,5.8000E+02,3.6687E-02,1.2962E-01,3.3739E+01,-9.0848E+00,-2.1867E-01,-4.2467E-04,-5.0825E-04,-3.7928E-02,-1.0000E+00,-1.0000E+00,-1.0000E+00,5.0000E+00,0.0000E+00,0.0000E+00,0.0000E+00,0.0000E+00
55,3.5300E+02,5.8000E+02,3.6687E-02,1.2962E-01,3.3739E+01,-9.0848E+00,-2.1867E-01,-4.2467E-04,-5.0825E-04,-3.7928E-02,-1.0000E+00,-1.0000E+00,-1.0000E+00,5.0000E+00,0.0000E+00,0.0000E+00,0.0000E+00,0.0000E+00
56,3.5300E+02,5.8000E+02,3.6687E-02,1.2962E-01,3.3739E+01,-9.0848E+00,-2.1867E-01,-4.2467E-04,-5.0825E-04,-3.7928E-02,-1.0000E+00,-1.0000E+00,-1.0000E+00,5.0000E+00,0.0000E+00,0.0000E+00,0.0000E+00,0.0000E+00
57,3.5300E+02,5.8000E+02,3.6687E-02,1.2962E-01,3.3739E+01,-9.0848E+00,-2.1867E-01,-4.2467E-04,-5.0825E-04,-3.7928E-02,-1.0000E+00,-1.0000E+00,-1.0000E+00,5.0000E+00,0.0000E+00,0.0000E+00,0.0000E+00,0.0000E+00
58,3.5300E+02,5.8000E+02,3.6687E-02,1.2962E-01,3.3739E+01,-9.0848E+00,-2.1867E-01,-4.2467E-04,-5.0825E-04,-3.7928E-02,-1.0000E+00,-1.0000E+00,-1.0000E+00,5.0000E+00,0.0000E+00,0.0000E+00,0.0000E+00,0.0000E+00
59,3.5300E+02,5.8000E+02,3.6687E-02,1.2962E-01,3.3739E+01,-9.0848E+00,-2.1867E-01,-4.2467E-04,-5.0825E-04,-3.7928E-02,-1.0000E+00,-1.0000E+00,-1.0000E+00,5.0000E+00,0.0000E+00,0.0000E+00,0.0000E+00,0.0000E+00
60,3.5300E+02,5.8000E+02,3.6687E-02,1.2962E-01,3.3739E+01,-9.0848E+00,-2.1867E-01,-4.2467E-04,-5.0825E-04,-3.7928E-02,-1.0000E+00,-1.0000E+00,-1.0000E+00,5.0000E+00,0.0000E+00,0.0000E+00,0.0000E+00,0.0000E+00
61,3.5300E+02,5.8000E+02,3.6687E-02,1.2962E-01,3.3739E+01,-9.0848E+00,-2.1867E-01,-4.2467E-04,-5.0825E-04,-3.7928E-02,-1.0000E+00,-1.0000E+00,-1.0000E+00,5.0000E+00,0.0000E+00,0.0000E+00,0.0000E+00,0.0000E+00
62,3.5300E+02,5.8000E+02,3.6687E-02,1.2962E-01,3.3739E+01,-9.0848E+00,-2.1867E-01,-4.2467E-04,-5.0825E-04,-3.7928E-02,-1.0000E+00,-1.0000E+00,-1.0000E+00,5.0000E+00,0.0000E+00,0.0000E+00,0.0000E+00,0.0000E+00
63,3.5300E+02,5.8000E+02,3.6687E-02,1.2962E-01,3.3739E+01,-9.0848E+00,-2.1867E-01,-4.2467E-04,-5.0825E-04,-3.7928E-02,-1.0000E+00,-1.0000E+00,-1.0000E+00,5.0000E+00,0.0000E+00,0.0000E+00,0.0000E+00,0.0000E+00
64,3.5300E+02,5.8000E+02,3.6687E-02,1.2962E-01,3.3739E+01,-9.0848E+00,-2.1867E-01,-4.2467E-04,-5.0825E-04,-3.7928E-02,-1.0000E+00,-1.0000E+00,-1.0000E+00,5.0000E+00,0.0000E+00,0.0000E+00,0.0000E+00,0.0000E+00
65,3.5300E+02,5.8000E+02,3.6687E-02,1.2962E-01,3.3739E+01,-9.0848E+00,-2.1867E-01,-4.2467E-04,-5.0825E-04,-3.7928E-02,-1.0000E+00,-1.0000E+00,-1.0000E+00,5.0000E+00,0.0000E+00,0.0000E+00,0.0000E+00,0.0000E+00
66,3.5300E+02,5.8000E+02,3.6687E-02,1.2962E-01,3.3739E+01,-9.0848E+00,-2.1867E-01,-4.2467E-04,-5.0825E-04,-3.7928E-02,-1.0000E+00,-1.0000E+00,-1.0000E+00,5.0000E+00,0.0000E+00,0.0000E+00,0.0000E+00,0.0000E+00
67,3.5300E+02,5.8000E+02,3.6687E-02,1.2962E-01,3.3739E+01,-9.0848E+00,-2.1867E-01,-4.2467E-04,-5.0825E-04,-3.7928E-02,-1.0000E+00,-1.0000E+00,-1.0000E+00,5.0000E+00,0.0000E+00,0.0000E+00,0.0000E+00,0.0000E+00
68,3.5300E+02,5.8000E+02,3.6687E-02,1.2962E-01,3.3739E+01,-9.0848E+00,-2.1867E-01,-4.2467E-04,-5.0825E-04,-3.7928E-02,-1.0000E+00,-1.0000E+00,-1.0000E+00,5.0000E+00,0.0000E+00,0.0000E+00,0.0000E+00,0.0000E+00
69,3.5300E+02,5.8000E+02,3.6687E-02,1.2962E-01,3.3739E+01,-9.0848E+00,-2.1867E-01,-4.2467E-04,-5.0825E-04,-3.7928E-02,-1.0000E+00,-1.0000E+00,-1.0000E+00,5.0000E+00,0.0000E+00,0.0000E+00,0.0000E+00,0.0000E+00
70,3.5300E+02,5.8000E+02,3.6687E-02,1.2962E-01,3.3739E+01,-9.0848E+00,-2.1867E-01,-4.2467E-04,-5.0825E-04,-3.7928E-02,-1.0000E+00,-1.0000E+00,-1.0000E+00,5.0000E+00,0.0000E+00,0.0000E+00,0.0000E+00,0.0000E+00
71,3.5300E+02,5.8000E+02,3.6687E-02,1.2962E-01,3.3739E+01,-9.0848E+00,-2.1867E-01,-4.2467E-04,-5.0825E-04,-3.7928E-02,-1.0000E+00,-1.0000E+00,-1.0000E+00,5.0000E+00,0.0000E+00,0.0000E+00,0.0000E+00,0.0000E+00
72,3.5300E+02,5.8000E+02,3.6687E-02,1.2962E-01,3.3739E+01,-9.0848E+00,-2.1867E-01,-4.2467E-04,-5.0825E-04,-3.7928E-02,-1.0000E+00,-1.0000E+00,-1.0000E+00,5.0000E+00,0.0000E+00,0.0000E+00,0.0000E+00,0.0000E+00
