FRAME,COORDINATE_X,COORDINATE_Y,DISPLACEMENT_X,DISPLACEMENT_Y,MODEL_COORDINATES_X,MODEL_COORDINATES_Y,MODEL_COORDINATES_Z,MODEL_DISPLACEMENT_X,MODEL_DISPLACEMENT_Y,MODEL_DISPLACEMENT_Z,SIGMA,GAMMA,BETA,STATUS_FLAG,UNCERTAINTY,VSG_STRAIN_XX,VSG_STRAIN_YY,VSG_STRAIN_XY
0,3.7400E+02,6.6400E+02,-5.7241E-02,1.2098E-01,3.1346E+01,-4.2799E+00,1.2293E-02,8.2049E-03,-6.2568E-04,-1.8124E-02,1.6588E-01,1.5977E-01,0.0000E+00,4.0000E+00,1.5728E-01,-2.6197E-04,-3.0649E-05,-2.1504E-04
1,3.7400E+02,6.6400E+02,2.5970E-02,9.9486E-02,3.1346E+01,-4.2799E+00,1.2293E-02,-1.7246E-03,6.9725E-03,-1.4033E-02,1.1015E-01,1.4524E-01,0.0000E+00,4.0000E+00,1.0444E-01,-5.7355E-05,-3.1148E-04,-8.9191E-05
2,3.7400E+02,6.6400E+02,4.3284E-02,2.6005E-01,3.1346E+01,-4.2799E+00,1.2293E-02,6.8731E-04,1.1600E-02,-6.2377E-02,1.0651E-01,1.0667E-01,0.0000E+00,4.0000E+00,1.0098E-01,4.4400E-04,5.9299E-04,8.3810E-04
3,3.7400E+02,6.6400E+02,2.6100E-01,1.5864E-01,3.1346E+01,-4.2799E+00,1.2293E-02,-1.8938E-02,-3.7502E-04,-1.1505E-01,1.1197E-01,2.0940E-01,0.0000E+00,4.0000E+00,1.0617E-01,4.3359E-07,1.1842E-03,-2.7192E-05
4,3.7400E+02,6.6400E+02,3.4283E-02,2.7478E-01,3.1346E+01,-4.2799E+00,1.2293E-02,-5.3010E-03,1.3799E-02,1.6711E-02,1.0846E-01,1.2273E-01,0.0000E+00,4.0000E+00,1.0284E-01,5.3108E-04,1.6135E-05,-5.8519E-05
5,3.7400E+02,6.6400E+02,1.2100E-01,2.7251E-01,3.1346E+01,-4.2799E+00,1.2293E-02,-1.1468E-02,1.4733E-02,-2.4106E-02,1.1914E-01,1.7049E-01,0.0000E+00,4.0000E+00,1.1296E-01,2.6669E-04,-2.2237E-04,2.5972E-04
6,3.7400E+02,6.6400E+02,-4.1759E-03,3.1702E-01,3.1346E+01,-4.2799E+00,1.2293E-02,3.4651E-03,1.5556E-02,-3.3715E-02,2.1171E-01,1.6582E-01,0.0000E+00,4.0000E+00,2.0073E-01,2.1135E-04,-4.1300E-05,-3.6068E-04
7,3.7400E+02,6.6400E+02,1.5827E-01,2.9674E-01,3.1346E+01,-4.2799E+00,1.2293E-02,-1.3040E-02,1.6246E-02,-5.3832E-02,1.9348E-01,1.8225E-01,0.0000E+00,4.0000E+00,1.8345E-01,3.5991E-04,-7.3380E-05,-1.0440E-04
8,3.7400E+02,6.6400E+02,1.6209E-01,2.6061E-01,3.1346E+01,-4.2799E+00,1.2293E-02,-9.5146E-03,6.4017E-03,-9.6395E-02,1.2851E-01,1.1485E-01,0.0000E+00,4.0000E+00,1.2185E-01,3.8983E-04,-2.7898E-04,-8.9616E-05
9,3.7400E+02,6.6400E+02,1.2075E-01,3.8935E-01,3.1346E+01,-4.2799E+00,1.2293E-02,-8.1345E-03,1.2609E-02,-5.9175E-02,1.2565E-01,1.4078E-01,0.0000E+00,4.0000E+00,1.1913E-01,2.7648E-04,2.8697E-04,2.1313E-04
10,3.7400E+02,6.6400E+02,2.9141E-01,2.1155E-01,3.1346E+01,-4.2799E+00,1.2293E-02,-2.3131E-02,7.8918E-03,-1.0781E-01,1.6262E-01,1.6493E-01,0.0000E+00,4.0000E+00,1.5419E-01,9.9140E-04,2.7659E-04,1.4901E-04
11,3.7400E+02,6.6400E+02,-7.1493E-02,4.7392E-01,3.1346E+01,-4.2799E+00,1.2293E-02,1.9780E-03,2.8925E-02,6.7448E-02,1.2747E-01,1.4738E-01,0.0000E+00,4.0000E+00,1.2086E-01,6.1462E-05,-2.0618E-04,-1.7537E-04
12,3.7400E+02,6.6400E+02,7.6846E-02,2.1893E-01,3.1346E+01,-4.2799E+00,1.2293E-02,-5.0938E-03,1.4364E-02,-4.0942E-02,1.2239E-01,1.0495E-01,0.0000E+00,4.0000E+00,1.1605E-01,1.8746E-04,3.1839E-04,-9.3090E-05
13,3.7400E+02,6.6400E+02,3.6227E-02,4.2697E-01,3.1346E+01,-4.2799E+00,1.2293E-02,-3.9728E-03,1.8710E-02,7.8385E-05,1.7851E-01,1.3762E-01,0.0000E+00,4.0000E+00,1.6925E-01,3.2036E-04,7.7089E-05,2.4505E-04
14,3.7400E+02,6.6400E+02,-5.1267E-02,5.0418E-01,3.1346E+01,-4.2799E+00,1.2293E-02,5.7794E-03,2.4260E-02,3.7153E-04,8.7627E-02,1.3373E-01,0.0000E+00,4.0000E+00,8.3083E-02,1.2486E-05,2.5326E-05,5.0470E-04
15,3.7400E+02,6.6400E+02,6.0028E-02,4.8273E-01,3.1346E+01,-4.2799E+00,1.2293E-02,-3.4080E-04,1.9196E-02,-7.0817E-02,1.1757E-01,1.5409E-01,0.0000E+00,4.0000E+00,1.1148E-01,4.3350E-04,1.0346E-04,5.0332E-04
16,3.7400E+02,6.6400E+02,6.6880E-02,3.3938E-01,3.1346E+01,-4.2799E+00,1.2293E-02,8.2838E-04,1.3749E-02,-9.3465E-02,1.2200E-01,1.0532E-01,0.0000E+00,4.0000E+00,1.1567E-01,4.2181E-04,5.3846E-04,4.1346E-04
17,3.7400E+02,6.6400E+02,-5.4509E-02,5.4285E-01,3.1346E+01,-4.2799E+00,1.2293E-02,6.8252E-03,2.6540E-02,-7.4539E-03,1.1341E-01,1.3117E-01,0.0000E+00,4.0000E+00,1.0753E-01,6.6002E-04,-1.2793E-04,2.8275E-04
18,3.7400E+02,6.6400E+02,5.8283E-02,4.8454E-01,3.1346E+01,-4.2799E+00,1.2293E-02,6.6877E-04,1.8903E-02,-7.9946E-02,1.6380E-01,1.0093E-01,0.0000E+00,4.0000E+00,1.5530E-01,1.4226E-03,6.2952E-04,9.6422E-04
19,3.7400E+02,6.6400E+02,-2.2814E-02,4.4108E-01,3.1346E+01,-4.2799E+00,1.2293E-02,5.3126E-03,2.0402E-02,-3.0442E-02,1.7473E-01,1.1755E-01,0.0000E+00,4.0000E+00,1.6567E-01,6.0540E-05,1.1057E-03,6.1823E-04
20,3.7400E+02,6.6400E+02,1.7032E-03,5.3473E-01,3.1346E+01,-4.2799E+00,1.2293E-02,9.0293E-03,2.1378E-02,-1.0274E-01,1.5260E-01,1.6314E-01,0.0000E+00,4.0000E+00,1.4469E-01,5.2715E-04,9.8932E-04,4.4524E-04
21,3.7400E+02,6.6400E+02,1.5161E-01,4.1776E-01,3.1346E+01,-4.2799E+00,1.2293E-02,-1.6435E-02,2.3058E-02,-6.9019E-03,1.1302E-01,1.3874E-01,0.0000E+00,4.0000E+00,1.0716E-01,4.7987E-04,-1.2464E-03,-9.3854E-05
22,3.7400E+02,6.6400E+02,-4.5683E-02,-5.0810E-02,3.1346E+01,-4.2799E+00,1.2293E-02,-1.1960E-02,6.0711E-03,1.9148E-01,1.6757E-01,1.3952E-01,0.0000E+00,4.0000E+00,1.5888E-01,7.0459E-04,-1.6806E-03,-2.5519E-05
23,3.7400E+02,6.6400E+02,-7.4392E-01,-1.3585E+00,3.1346E+01,-4.2799E+00,1.2293E-02,7.7615E-05,-1.2007E-02,9.2810E-01,1.3502E-01,1.4750E-01,0.0000E+00,4.0000E+00,1.2802E-01,9.2351E-04,-3.5652E-04,6.6338E-04
24,3.7400E+02,6.6400E+02,-1.3445E+00,-2.3376E+00,3.1346E+01,-4.2799E+00,1.2293E-02,1.1570E-02,-1.8972E-02,1.5467E+00,1.3697E-01,1.7601E-01,0.0000E+00,4.0000E+00,1.2987E-01,6.5406E-04,3.8310E-04,9.7343E-04
25,3.7400E+02,6.6400E+02,-1.9273E+00,-3.4524E+00,3.1346E+01,-4.2799E+00,1.2293E-02,2.5844E-02,-4.2573E-02,2.1124E+00,1.3619E-01,1.3849E-01,0.0000E+00,4.0000E+00,1.2913E-01,8.7689E-04,-1.2901E-03,3.7186E-04
26,3.7400E+02,6.6400E+02,-2.4356E+00,-4.3528E+00,3.1346E+01,-4.2799E+00,1.2293E-02,3.1216E-02,-5.7032E-02,2.6836E+00,1.1588E-01,1.1389E-01,0.0000E+00,4.0000E+00,1.0987E-01,3.2003E-04,-2.6900E-04,7.7674E-05
27,3.7400E+02,6.6400E+02,-2.8854E+00,-5.0245E+00,3.1346E+01,-4.2799E+00,1.2293E-02,4.3182E-02,-7.3448E-02,3.1097E+00,7.8903E-02,1.1817E-01,0.0000E+00,4.0000E+00,7.4812E-02,2.2395E-04,-5.9942E-04,2.3731E-04
28,3.7400E+02,6.6400E+02,-3.7813E+00,-6.0205E+00,3.1346E+01,-4.2799E+00,1.2293E-02,8.0760E-02,-7.1805E-02,3.7961E+00,2.0793E-01,1.4099E-01,0.0000E+00,4.0000E+00,1.9715E-01,-6.3959E-04,-1.8117E-03,-4.5578E-04
29,3.7400E+02,6.6400E+02,-4.1463E+00,-7.0351E+00,3.1346E+01,-4.2799E+00,1.2293E-02,7.8362E-02,-8.8428E-02,4.2700E+00,9.4007E-02,1.1994E-01,0.0000E+00,4.0000E+00,8.9132E-02,1.2005E-03,2.1750E-03,2.2613E-03
30,3.7400E+02,6.6400E+02,-4.8840E+00,-7.6972E+00,3.1346E+01,-4.2799E+00,1.2293E-02,1.0532E-01,-9.3148E-02,4.8804E+00,1.1770E-01,1.4758E-01,0.0000E+00,4.0000E+00,1.1160E-01,9.7046E-04,-2.8950E-04,8.3697E-04
31,3.7400E+02,6.6400E+02,-5.5389E+00,-8.5975E+00,3.1346E+01,-4.2799E+00,1.2293E-02,1.2465E-01,-1.0685E-01,5.4704E+00,1.6197E-01,1.2511E-01,0.0000E+00,4.0000E+00,1.5357E-01,1.0513E-03,-2.0974E-04,1.0323E-03
32,3.7400E+02,6.6400E+02,-6.1001E+00,-9.5059E+00,3.1346E+01,-4.2799E+00,1.2293E-02,1.3694E-01,-1.2141E-01,6.0211E+00,1.5429E-01,1.5014E-01,0.0000E+00,4.0000E+00,1.4629E-01,8.3586E-04,-1.1933E-03,5.5215E-04
33,3.7400E+02,6.6400E+02,-6.8532E+00,-1.0519E+01,3.1346E+01,-4.2799E+00,1.2293E-02,1.5672E-01,-1.3094E-01,6.7214E+00,1.4127E-01,1.0706E-01,0.0000E+00,4.0000E+00,1.3395E-01,2.0587E-03,-1.7241E-03,8.9150E-04
34,3.7400E+02,6.6400E+02,-7.4927E+00,-1.1623E+01,3.1346E+01,-4.2799E+00,1.2293E-02,1.7219E-01,-1.4446E-01,7.3269E+00,1.3020E-01,1.2090E-01,0.0000E+00,4.0000E+00,1.2345E-01,-2.0381E-04,-2.2144E-03,-5.8997E-04
35,3.7400E+02,6.6400E+02,-8.0579E+00,-1.2789E+01,3.1346E+01,-4.2799E+00,1.2293E-02,1.7717E-01,-1.5959E-01,7.9554E+00,2.0221E-01,2.1088E-01,0.0000E+00,4.0000E+00,1.9172E-01,8.7158E-04,-1.8628E-03,5.4912E-04
36,3.7400E+02,6.6400E+02,-8.6739E+00,-1.3750E+01,3.1346E+01,-4.2799E+00,1.2293E-02,1.9507E-01,-1.8084E-01,8.5058E+00,1.4713E-01,1.1683E-01,0.0000E+00,4.0000E+00,1.3950E-01,6.1299E-04,8.7612E-04,1.5210E-03
37,3.7400E+02,6.6400E+02,-9.2127E+00,-1.4801E+01,3.1346E+01,-4.2799E+00,1.2293E-02,2.0534E-01,-1.9612E-01,9.0418E+00,1.2421E-01,1.5795E-01,0.0000E+00,4.0000E+00,1.1777E-01,2.5901E-04,-5.6868E-04,8.7482E-04
38,3.7400E+02,6.6400E+02,-9.8834E+00,-1.5709E+01,3.1346E+01,-4.2799E+00,1.2293E-02,2.2548E-01,-2.0633E-01,9.6287E+00,1.2500E-01,1.1721E-01,0.0000E+00,4.0000E+00,1.1851E-01,-4.3588E-05,-1.0283E-03,4.5058E-04
39,3.7400E+02,6.6400E+02,-1.0272E+01,-1.6640E+01,3.1346E+01,-4.2799E+00,1.2293E-02,2.2633E-01,-2.2168E-01,1.0084E+01,1.7187E-01,1.8310E-01,0.0000E+00,4.0000E+00,1.6296E-01,-1.0411E-04,-5.2273E-04,7.7072E-04
40,3.7400E+02,6.6400E+02,-1.0397E+01,-1.6938E+01,3.1346E+01,-4.2799E+00,1.2293E-02,2.3114E-01,-2.2643E-01,1.0181E+01,1.7695E-01,1.1963E-01,0.0000E+00,4.0000E+00,1.6777E-01,3.5536E-04,3.3619E-04,1.0545E-03
41,3.7400E+02,6.6400E+02,-9.9884E+00,-1.5841E+01,3.1346E+01,-4.2799E+00,1.2293E-02,2.3077E-01,-2.0793E-01,9.6970E+00,1.7057E-01,2.0417E-01,0.0000E+00,4.0000E+00,1.6172E-01,3.6331E-04,-2.6178E-03,-4.1233E-04
42,3.7400E+02,6.6400E+02,-9.2576E+00,-1.4764E+01,3.1346E+01,-4.2799E+00,1.2293E-02,2.1052E-01,-1.8600E-01,9.0370E+00,1.5494E-01,2.1903E-01,0.0000E+00,4.0000E+00,1.4691E-01,4.7761E-04,2.6756E-04,1.2664E-03
43,3.7400E+02,6.6400E+02,-8.6582E+00,-1.3753E+01,3.1346E+01,-4.2799E+00,1.2293E-02,2.0085E-01,-1.8221E-01,8.4225E+00,1.1796E-01,1.4085E-01,0.0000E+00,4.0000E+00,1.1185E-01,7.4451E-04,-5.2138E-04,1.0350E-03
44,3.7400E+02,6.6400E+02,-8.0289E+00,-1.2827E+01,3.1346E+01,-4.2799E+00,1.2293E-02,1.8788E-01,-1.6782E-01,7.8023E+00,1.1015E-01,1.3243E-01,0.0000E+00,4.0000E+00,1.0444E-01,-6.7376E-05,-8.2334E-04,6.3481E-04
45,3.7400E+02,6.6400E+02,-7.5301E+00,-1.1553E+01,3.1346E+01,-4.2799E+00,1.2293E-02,1.7962E-01,-1.3825E-01,7.2895E+00,1.8346E-01,1.3108E-01,0.0000E+00,4.0000E+00,1.7394E-01,-1.2091E-03,-1.5758E-03,-1.6819E-04
46,3.7400E+02,6.6400E+02,-6.5968E+00,-1.0616E+01,3.1346E+01,-4.2799E+00,1.2293E-02,1.5107E-01,-1.3902E-01,6.4679E+00,1.7734E-01,1.7380E-01,0.0000E+00,4.0000E+00,1.6814E-01,1.9442E-03,1.0675E-04,1.3698E-03
47,3.7400E+02,6.6400E+02,-5.9228E+00,-9.3662E+00,3.1346E+01,-4.2799E+00,1.2293E-02,1.2876E-01,-1.1672E-01,5.8933E+00,1.8046E-01,1.8043E-01,0.0000E+00,4.0000E+00,1.7110E-01,3.1915E-03,2.6370E-04,2.1510E-03
48,3.7400E+02,6.6400E+02,-5.1542E+00,-8.2898E+00,3.1346E+01,-4.2799E+00,1.2293E-02,1.0272E-01,-9.9330E-02,5.2396E+00,1.9283E-01,1.5899E-01,0.0000E+00,4.0000E+00,1.8283E-01,2.6138E-03,4.0407E-04,2.3081E-03
49,3.7400E+02,6.6400E+02,-4.7154E+00,-7.4276E+00,3.1346E+01,-4.2799E+00,1.2293E-02,1.0283E-01,-8.7887E-02,4.7004E+00,1.3450E-01,1.1169E-01,0.0000E+00,4.0000E+00,1.2753E-01,1.0764E-03,1.5675E-03,1.7090E-03
50,3.7400E+02,6.6400E+02,-3.9188E+00,-6.3373E+00,3.1346E+01,-4.2799E+00,1.2293E-02,7.6124E-02,-7.6765E-02,4.0173E+00,9.5960E-02,1.8926E-01,0.0000E+00,4.0000E+00,9.0984E-02,6.1714E-04,-7.5317E-04,7.0086E-04
51,3.7400E+02,6.6400E+02,-3.5975E+00,-5.4718E+00,3.1346E+01,-4.2799E+00,1.2293E-02,7.6415E-02,-5.4717E-02,3.6177E+00,1.0533E-01,1.3749E-01,0.0000E+00,4.0000E+00,9.9873E-02,-1.9959E-05,-2.0927E-03,2.2436E-05
52,3.7400E+02,6.6400E+02,-3.0960E+00,-4.6348E+00,3.1346E+01,-4.2799E+00,1.2293E-02,6.6336E-02,-4.5269E-02,3.1112E+00,1.5989E-01,1.8048E-01,0.0000E+00,4.0000E+00,1.5160E-01,4.0025E-04,-1.4523E-03,2.6880E-04
53,3.7400E+02,6.6400E+02,-2.6387E+00,-3.8340E+00,3.1346E+01,-4.2799E+00,1.2293E-02,5.7356E-02,-3.4239E-02,2.6458E+00,1.4387E-01,1.2462E-01,0.0000E+00,4.0000E+00,1.3641E-01,0.0000E+00,0.0000E+00,0.0000E+00
54,3.7400E+02,6.6400E+02,-1.9711E+00,-2.9747E+00,3.1346E+01,-4.2799E+00,1.2293E-02,4.4309E-02,-2.8236E-02,1.9620E+00,1.4765E-01,1.0976E-01,0.0000E+00,4.0000E+00,1.3999E-01,0.0000E+00,0.0000E+00,0.0000E+00
55,3.7400E+02,6.6400E+02,-1.4113E+00,-1.3520E+00,3.1346E+01,-4.2799E+00,1.2293E-02,3.2361E-02,8.6317E-03,1.4031E+00,1.3658E-01,1.7787E-01,0.0000E+00,4.0000E+00,1.2950E-01,0.0000E+00,0.0000E+00,0.0000E+00
56,3.7400E+02,6.6400E+02,-7.7912E-01,-6.2538E-01,3.1346E+01,-4.2799E+00,1.2293E-02,2.0073E-02,1.4366E-02,7.4967E-01,1.3203E-01,1.4586E-01,0.0000E+00,4.0000E+00,1.2518E-01,0.0000E+00,0.0000E+00,0.0000E+00
57,3.7400E+02,6.6400E+02,-2.7575E-01,3.9764E-01,3.1346E+01,-4.2799E+00,1.2293E-02,1.6610E-02,3.3031E-02,1.5909E-01,1.4986E-01,1.7793E-01,0.0000E+00,4.0000E+00,1.4209E-01,0.0000E+00,0.0000E+00,0.0000E+00
58,3.7400E+02,6.6400E+02,-4.6688E-02,6.2402E-01,3.1346E+01,-4.2799E+00,1.2293E-02,2.8374E-03,3.3478E-02,2.7073E-02,1.3893E-01,1.2698E-01,0.0000E+00,4.0000E+00,1.3172E-01,0.0000E+00,0.0000E+00,0.0000E+00
59,3.7400E+02,6.6400E+02,-3.9003E-03,4.9689E-01,3.1346E+01,-4.2799E+00,1.2293E-02,7.4904E-03,2.4599E-02,-7.9672E-02,9.8434E-02,1.5136E-01,0.0000E+00,4.0000E+00,9.3330E-02,0.0000E+00,0.0000E+00,0.0000E+00
60,3.7400E+02,6.6400E+02,-1.3023E-01,7.4709E-01,3.1346E+01,-4.2799E+00,1.2293E-02,1.0814E-02,4.1275E-02,4.2542E-02,1.2148E-01,1.1707E-01,0.0000E+00,4.0000E+00,1.1518E-01,0.0000E+00,0.0000E+00,0.0000E+00
61,3.7400E+02,6.6400E+02,-1.7845E-01,6.5849E-01,3.1346E+01,-4.2799E+00,1.2293E-02,1.5014E-02,4.0996E-02,5.4974E-02,1.9452E-01,1.7456E-01,0.0000E+00,4.0000E+00,1.8444E-01,0.0000E+00,0.0000E+00,0.0000E+00
62,3.7400E+02,6.6400E+02,-1.4473E-01,7.4177E-01,3.1346E+01,-4.2799E+00,1.2293E-02,1.6685E-02,3.6111E-02,-4.1820E-03,1.8307E-01,1.5833E-01,0.0000E+00,4.0000E+00,1.7357E-01,0.0000E+00,0.0000E+00,0.0000E+00
63,3.7400E+02,6.6400E+02,-5.4515E-02,7.0889E-01,3.1346E+01,-4.2799E+00,1.2293E-02,1.0217E-02,3.8308E-02,-4.6895E-02,1.7499E-01,8.9320E-02,0.0000E+00,4.0000E+00,1.6592E-01,0.0000E+00,0.0000E+00,0.0000E+00
64,3.7400E+02,6.6400E+02,-4.6512E-02,7.9686E-01,3.1346E+01,-4.2799E+00,1.2293E-02,3.3339E-03,3.7267E-02,2.2844E-02,1.4895E-01,1.5541E-01,0.0000E+00,4.0000E+00,1.4123E-01,0.0000E+00,0.0000E+00,0.0000E+00
65,3.7400E+02,6.6400E+02,-1.2286E-01,6.0371E-01,3.1346E+01,-4.2799E+00,1.2293E-02,8.8805E-03,3.9578E-02,5.3356E-02,1.3762E-01,1.7858E-01,0.0000E+00,4.0000E+00,1.3049E-01,0.0000E+00,0.0000E+00,0.0000E+00
66,3.7400E+02,6.6400E+02,-2.2282E-02,5.0681E-01,3.1346E+01,-4.2799E+00,1.2293E-02,3.9033E-04,3.5414E-02,2.1357E-02,9.6220E-02,1.6602E-01,0.0000E+00,4.0000E+00,9.1231E-02,0.0000E+00,0.0000E+00,0.0000E+00
67,3.7400E+02,6.6400E+02,-1.6459E-01,6.6946E-01,3.1346E+01,-4.2799E+00,1.2293E-02,1.7396E-02,3.8820E-02,1.1093E-02,1.5533E-01,1.4870E-01,0.0000E+00,4.0000E+00,1.4728E-01,0.0000E+00,0.0000E+00,0.0000E+00
68,3.7400E+02,6.6400E+02,-2.0735E-01,7.4940E-01,3.1346E+01,-4.2799E+00,1.2293E-02,1.7168E-02,4.5226E-02,6.7492E-02,1.0859E-01,1.6031E-01,0.0000E+00,4.0000E+00,1.0296E-01,0.0000E+00,0.0000E+00,0.0000E+00
69,3.7400E+02,6.6400E+02,-1.2893E-01,6.0640E-01,3.1346E+01,-4.2799E+00,1.2293E-02,1.6460E-02,3.0293E-02,-2.2153E-02,1.6640E-01,1.1589E-01,0.0000E+00,4.0000E+00,1.5777E-01,0.0000E+00,0.0000E+00,0.0000E+00
70,3.7400E+02,6.6400E+02,-1.6485E-01,7.9924E-01,3.1346E+01,-4.2799E+00,1.2293E-02,1.4528E-02,4.3545E-02,4.4626E-02,1.4986E-01,9.8849E-02,0.0000E+00,4.0000E+00,1.4209E-01,0.0000E+00,0.0000E+00,0.0000E+00
71,3.7400E+02,6.6400E+02,-7.6713E-02,6.7235E-01,3.1346E+01,-4.2799E+00,1.2293E-02,1.6489E-02,3.2098E-02,-8.8547E-02,1.4179E-01,1.8145E-01,0.0000E+00,4.0000E+00,1.3444E-01,0.0000E+00,0.0000E+00,0.0000E+00
72,3.7400E+02,6.6400E+02,-1.6037E-01,6.7071E-01,3.1346E+01,-4.2799E+00,1.2293E-02,1.1697E-02,3.9135E-02,7.0360E-02,1.6523E-01,1.4855E-01,0.0000E+00,4.0000E+00,1.5666E-01,0.0000E+00,0.0000E+00,0.0000E+00
