FRAME,COORDINATE_X,COORDINATE_Y,DISPLACEMENT_X,DISPLACEMENT_Y,MODEL_COORDINATES_X,MODEL_COORDINATES_Y,MODEL_COORDINATES_Z,MODEL_DISPLACEMENT_X,MODEL_DISPLACEMENT_Y,MODEL_DISPLACEMENT_Z,SIGMA,GAMMA,BETA,STATUS_FLAG,UNCERTAINTY,VSG_STRAIN_XX,VSG_STRAIN_YY,VSG_STRAIN_XY
0,3.6700E+02,6.0800E+02,1.7426E-01,-3.1222E-01,3.2133E+01,-7.4604E+00,7.8783E-02,-2.5697E-02,-1.0821E-02,6.6871E-02,1.4898E-01,6.6220E-02,0.0000E+00,4.0000E+00,5.3578E-02,-3.8105E-07,7.9682E-04,-1.6317E-04
1,3.6700E+02,6.0800E+02,1.7426E-01,-3.1222E-01,3.2133E+01,-7.4604E+00,7.8783E-02,-6.0983E-03,-1.8135E-02,-1.5029E-01,-1.0000E+00,-1.0000E+00,-1.0000E+00,1.1000E+01,0.0000E+00,0.0000E+00,0.0000E+00,0.0000E+00
2,3.6700E+02,6.0800E+02,1.7426E-01,-3.1222E-01,3.2133E+01,-7.4604E+00,7.8783E-02,-6.0983E-03,-1.8135E-02,-1.5029E-01,-1.0000E+00,-1.0000E+00,-1.0000E+00,5.0000E+00,0.0000E+00,0.0000E+00,0.0000E+00,0.0000E+00
3,3.6700E+02,6.0800E+02,1.7426E-01,-3.1222E-01,3.2133E+01,-7.4604E+00,7.8783E-02,-6.0983E-03,-1.8135E-02,-1.5029E-01,-1.0000E+00,-1.0000E+00,-1.0000E+00,5.0000E+00,0.0000E+00,0.0000E+00,0.0000E+00,0.0000E+00
4,3.6700E+02,6.0800E+02,1.7426E-01,-3.1222E-01,3.2133E+01,-7.4604E+00,7.8783E-02,-6.0983E-03,-1.8135E-02,-1.5029E-01,-1.0000E+00,-1.0000E+00,-1.0000E+00,5.0000E+00,0.0000E+00,0.0000E+00,0.0000E+00,0.0000E+00
5,3.6700E+02,6.0800E+02,1.7426E-01,-3.1222E-01,3.2133E+01,-7.4604E+00,7.8783E-02,-6.0983E-03,-1.8135E-02,-1.5029E-01,-1.0000E+00,-1.0000E+00,-1.0000E+00,5.0000E+00,0.0000E+00,0.0000E+00,0.0000E+00,0.0000E+00
6,3.6700E+02,6.0800E+02,1.7426E-01,-3.1222E-01,3.2133E+01,-7.4604E+00,7.8783E-02,-6.0983E-03,-1.8135E-02,-1.5029E-01,-1.0000E+00,-1.0000E+00,-1.0000E+00,5.0000E+00,0.0000E+00,0.0000E+00,0.0000E+00,0.0000E+00
7,3.6700E+02,6.0800E+02,1.7426E-01,-3.1222E-01,3.2133E+01,-7.4604E+00,7.8783E-02,-6.0983E-03,-1.8135E-02,-1.5029E-01,-1.0000E+00,-1.0000E+00,-1.0000E+00,5.0000E+00,0.0000E+00,0.0000E+00,0.0000E+00,0.0000E+00
8,3.6700E+02,6.0800E+02,1.7426E-01,-3.1222E-01,3.2133E+01,-7.4604E+00,7.8783E-02,-6.0983E-03,-1.8135E-02,-1.5029E-01,-1.0000E+00,-1.0000E+00,-1.0000E+00,5.0000E+00,0.0000E+00,0.0000E+00,0.0000E+00,0.0000E+00
9,3.6700E+02,6.0800E+02,1.7426E-01,-3.1222E-01,3.2133E+01,-7.4604E+00,7.8783E-02,-6.0983E-03,-1.8135E-02,-1.5029E-01,-1.0000E+00,-1.0000E+00,-1.0000E+00,5.0000E+00,0.0000E+00,0.0000E+00,0.0000E+00,0.0000E+00
10,3.6700E+02,6.0800E+02,1.7426E-01,-3.1222E-01,3.2133E+01,-7.4604E+00,7.8783E-02,-6.0983E-03,-1.8135E-02,-1.5029E-01,-1.0000E+00,-1.0000E+00,-1.0000E+00,5.0000E+00,0.0000E+00,0.0000E+00,0.0000E+00,0.0000E+00
11,3.6700E+02,6.0800E+02,1.7426E-01,-3.1222E-01,3.2133E+01,-7.4604E+00,7.8783E-02,-6.0983E-03,-1.8135E-02,-1.5029E-01,-1.0000E+00,-1.0000E+00,-1.0000E+00,5.0000E+00,0.0000E+00,0.0000E+00,0.0000E+00,0.0000E+00
12,3.6700E+02,6.0800E+02,1.7426E-01,-3.1222E-01,3.2133E+01,-7.4604E+00,7.8783E-02,-6.0983E-03,-1.8135E-02,-1.5029E-01,-1.0000E+00,-1.0000E+00,-1.0000E+00,5.0000E+00,0.0000E+00,0.0000E+00,0.0000E+00,0.0000E+00
13,3.6700E+02,6.0800E+02,1.7426E-01,-3.1222E-01,3.2133E+01,-7.4604E+00,7.8783E-02,-6.0983E-03,-1.8135E-02,-1.5029E-01,-1.0000E+00,-1.0000E+00,-1.0000E+00,5.0000E+00,0.0000E+00,0.0000E+00,0.0000E+00,0.0000E+00
14,3.6700E+02,6.0800E+02,1.7426E-01,-3.1222E-01,3.2133E+01,-7.4604E+00,7.8783E-02,-6.0983E-03,-1.8135E-02,-1.5029E-01,-1.0000E+00,-1.0000E+00,-1.0000E+00,5.0000E+00,0.0000E+00,0.0000E+00,0.0000E+00,0.0000E+00
15,3.6700E+02,6.0800E+02,1.7426E-01,-3.1222E-01,3.2133E+01,-7.4604E+00,7.8783E-02,-6.0983E-03,-1.8135E-02,-1.5029E-01,-1.0000E+00,-1.0000E+00,-1.0000E+00,5.0000E+00,0.0000E+00,0.0000E+00,0.0000E+00,0.0000E+00
16,3.6700E+02,6.0800E+02,1.7426E-01,-3.1222E-01,3.2133E+01,-7.4604E+00,7.8783E-02,-6.0983E-03,-1.8135E-02,-1.5029E-01,-1.0000E+00,-1.0000E+00,-1.0000E+00,5.0000E+00,0.0000E+00,0.0000E+00,0.0000E+00,0.0000E+00
17,3.6700E+02,6.0800E+02,1.7426E-01,-3.1222E-01,3.2133E+01,-7.4604E+00,7.8783E-02,-6.0983E-03,-1.8135E-02,-1.5029E-01,-1.0000E+00,-1.0000E+00,-1.0000E+00,5.0000E+00,0.0000E+00,0.0000E+00,0.0000E+00,0.0000E+00
18,3.6700E+02,6.0800E+02,1.7426E-01,-3.1222E-01,3.2133E+01,-7.4604E+00,7.8783E-02,-6.0983E-03,-1.8135E-02,-1.5029E-01,-1.0000E+00,-1.0000E+00,-1.0000E+00,5.0000E+00,0.0000E+00,0.0000E+00,0.0000E+00,0.0000E+00
19,3.6700E+02,6.0800E+02,1.7426E-01,-3.1222E-01,3.2133E+01,-7.4604E+00,7.8783E-02,-6.0983E-03,-1.8135E-02,-1.5029E-01,-1.0000E+00,-1.0000E+00,-1.0000E+00,5.0000E+00,0.0000E+00,0.0000E+00,0.0000E+00,0.0000E+00
20,3.6700E+02,6.0800E+02,1.7426E-01,-3.1222E-01,3.2133E+01,-7.4604E+00,7.8783E-02,-6.0983E-03,-1.8135E-02,-1.5029E-01,-1.0000E+00,-1.0000E+00,-1.0000E+00,5.0000E+00,0.0000E+00,0.0000E+00,0.0000E+00,0.0000E+00
21,3.6700E+02,6.0800E+02,1.7426E-01,-3.1222E-01,3.2133E+01,-7.4604E+00,7.8783E-02,-6.0983E-03,-1.8135E-02,-1.5029E-01,-1.0000E+00,-1.0000E+00,-1.0000E+00,5.0000E+00,0.0000E+00,0.0000E+00,0.0000E+00,0.0000E+00
22,3.6700E+02,6.0800E+02,1.7426E-01,-3.1222E-01,3.2133E+01,-7.4604E+00,7.8783E-02,-6.0983E-03,-1.8135E-02,-1.5029E-01,-1.0000E+00,-1.0000E+00,-1.0000E+00,5.0000E+00,0.0000E+00,0.0000E+00,0.0000E+00,0.0000E+00
23,3.6700E+02,6.0800E+02,1.7426E-01,-3.1222E-01,3.2133E+01,-7.4604E+00,7.8783E-02,-6.0983E-03,-1.8135E-02,-1.5029E-01,-1.0000E+00,-1.0000E+00,-1.0000E+00,5.0000E+00,0.0000E+00,0.0000E+00,0.0000E+00,0.0000E+00
24,3.6700E+02,6.0800E+02,1.7426E-01,-3.1222E-01,3.2133E+01,-7.4604E+00,7.8783E-02,-6.0983E-03,-1.8135E-02,-1.5029E-01,-1.0000E+00,-1.0000E+00,-1.0000E+00,5.0000E+00,0.0000E+00,0.0000E+00,0.0000E+00,0.0000E+00
25,3.6700E+02,6.0800E+02,1.7426E-01,-3.1222E-01,3.2133E+01,-7.4604E+00,7.8783E-02,-6.0983E-03,-1.8135E-02,-1.5029E-01,-1.0000E+00,-1.0000E+00,-1.0000E+00,5.0000E+00,0.0000E+00,0.0000E+00,0.0000E+00,0.0000E+00
26,3.6700E+02,6.0800E+02,1.7426E-01,-3.1222E-01,3.2133E+01,-7.4604E+00,7.8783E-02,-6.0983E-03,-1.8135E-02,-1.5029E-01,-1.0000E+00,-1.0000E+00,-1.0000E+00,5.0000E+00,0.0000E+00,0.0000E+00,0.0000E+00,0.0000E+00
27,3.6700E+02,6.0800E+02,1.7426E-01,-3.1222E-01,3.2133E+01,-7.4604E+00,7.8783E-02,-6.0983E-03,-1.8135E-02,-1.5029E-01,-1.0000E+00,-1.0000E+00,-1.0000E+00,5.0000E+00,0.0000E+00,0.0000E+00,0.0000E+00,0.0000E+00
28,3.6700E+02,6.0800E+02,1.7426E-01,-3.1222E-01,3.2133E+01,-7.4604E+00,7.8783E-02,-6.0983E-03,-1.8135E-02,-1.5029E-01,-1.0000E+00,-1.0000E+00,-1.0000E+00,5.0000E+00,0.0000E+00,0.0000E+00,0.0000E+00,0.0000E+00
29,3.6700E+02,6.0800E+02,1.7426E-01,-3.1222E-01,3.2133E+01,-7.4604E+00,7.8783E-02,-6.0983E-03,-1.8135E-02,-1.5029E-01,-1.0000E+00,-1.0000E+00,-1.0000E+00,5.0000E+00,0.0000E+00,0.0000E+00,0.0000E+00,0.0000E+00
30,3.6700E+02,6.0800E+02,1.7426E-01,-3.1222E-01,3.2133E+01,-7.4604E+00,7.8783E-02,-6.0983E-03,-1.8135E-02,-1.5029E-01,-1.0000E+00,-1.0000E+00,-1.0000E+00,5.0000E+00,0.0000E+00,0.0000E+00,0.0000E+00,0.0000E+00
31,3.6700E+02,6.0800E+02,1.7426E-01,-3.1222E-01,3.2133E+01,-7.4604E+00,7.8783E-02,-6.0983E-03,-1.8135E-02,-1.5029E-01,-1.0000E+00,-1.0000E+00,-1.0000E+00,5.0000E+00,0.0000E+00,0.0000E+00,0.0000E+00,0.0000E+00
32,3.6700E+02,6.0800E+02,1.7426E-01,-3.1222E-01,3.2133E+01,-7.4604E+00,7.8783E-02,-6.0983E-03,-1.8135E-02,-1.5029E-01,-1.0000E+00,-1.0000E+00,-1.0000E+00,5.0000E+00,0.0000E+00,0.0000E+00,0.0000E+00,0.0000E+00
33,3.6700E+02,6.0800E+02,1.7426E-01,-3.1222E-01,3.2133E+01,-7.4604E+00,7.8783E-02,-6.0983E-03,-1.8135E-02,-1.5029E-01,-1.0000E+00,-1.0000E+00,-1.0000E+00,5.0000E+00,0.0000E+00,0.0000E+00,0.0000E+00,0.0000E+00
34,3.6700E+02,6.0800E+02,1.7426E-01,-3.1222E-01,3.2133E+01,-7.4604E+00,7.8783E-02,-6.0983E-03,-1.8135E-02,-1.5029E-01,-1.0000E+00,-1.0000E+00,-1.0000E+00,5.0000E+00,0.0000E+00,0.0000E+00,0.0000E+00,0.0000E+00
35,3.6700E+02,6.0800E+02,1.7426E-01,-3.1222E-01,3.2133E+01,-7.4604E+00,7.8783E-02,-6.0983E-03,-1.8135E-02,-1.5029E-01,-1.0000E+00,-1.0000E+00,-1.0000E+00,5.0000E+00,0.0000E+00,0.0000E+00,0.0000E+00,0.0000E+00
36,3.6700E+02,6.0800E+02,1.7426E-01,-3.1222E-01,3.2133E+01,-7.4604E+00,7.8783E-02,-6.0983E-03,-1.8135E-02,-1.5029E-01,-1.0000E+00,-1.0000E+00,-1.0000E+00,5.0000E+00,0.0000E+00,0.0000E+00,0.0000E+00,0.0000E+00
37,3.6700E+02,6.0800E+02,1.7426E-01,-3.1222E-01,3.2133E+01,-7.4604E+00,7.8783E-02,-6.0983E-03,-1.8135E-02,-1.5029E-01,-1.0000E+00,-1.0000E+00,-1.0000E+00,5.0000E+00,0.0000E+00,0.0000E+00,0.0000E+00,0.0000E+00
38,3.6700E+02,6.0800E+02,1.7426E-01,-3.1222E-01,3.2133E+01,-7.4604E+00,7.8783E-02,-6.0983E-03,-1.8135E-02,-1.5029E-01,-1.0000E+00,-1.0000E+00,-1.0000E+00,5.0000E+00,0.0000E+00,0.0000E+00,0.0000E+00,0.0000E+00
39,3.6700E+02,6.0800E+02,1.7426E-01,-3.1222E-01,3.2133E+01,-7.4604E+00,7.8783E-02,-6.0983E-03,-1.8135E-02,-1.5029E-01,-1.0000E+00,-1.0000E+00,-1.0000E+00,5.0000E+00,0.0000E+00,0.0000E+00,0.0000E+00,0.0000E+00
40,3.6700E+02,6.0800E+02,1.7426E-01,-3.1222E-01,3.2133E+01,-7.4604E+00,7.8783E-02,-6.0983E-03,-1.8135E-02,-1.5029E-01,-1.0000E+00,-1.0000E+00,-1.0000E+00,5.0000E+00,0.0000E+00,0.0000E+00,0.0000E+00,0.0000E+00
41,3.6700E+02,6.0800E+02,1.7426E-01,-3.1222E-01,3.2133E+01,-7.4604E+00,7.8783E-02,-6.0983E-03,-1.8135E-02,-1.5029E-01,-1.0000E+00,-1.0000E+00,-1.0000E+00,5.0000E+00,0.0000E+00,0.0000E+00,0.0000E+00,0.0000E+00
42,3.6700E+02,6.0800E+02,1.7426E-01,-3.1222E-01,3.2133E+01,-7.4604E+00,7.8783E-02,-6.0983E-03,-1.8135E-02,-1.5029E-01,-1.0000E+00,-1.0000E+00,-1.0000E+00,5.0000E+00,0.0000E+00,0.0000E+00,0.0000E+00,0.0000E+00
43,3.6700E+02,6.0800E+02,1.7426E-01,-3.1222E-01,3.2133E+01,-7.4604E+00,7.8783E-02,-6.0983E-03,-1.8135E-02,-1.5029E-01,-1.0000E+00,-1.0000E+00,-1.0000E+00,5.0000E+00,0.0000E+00,0.0000E+00,0.0000E+00,0.0000E+00
44,3.6700E+02,6.0800E+02,1.7426E-01,-3.1222E-01,3.2133E+01,-7.4604E+00,7.8783E-02,-6.0983E-03,-1.8135E-02,-1.5029E-01,-1.0000E+00,-1.0000E+00,-1.0000E+00,5.0000E+00,0.0000E+00,0.0000E+00,0.0000E+00,0.0000E+00
45,3.6700E+02,6.0800E+02,1.7426E-01,-3.1222E-01,3.2133E+01,-7.4604E+00,7.8783E-02,-6.0983E-03,-1.8135E-02,-1.5029E-01,-1.0000E+00,-1.0000E+00,-1.0000E+00,5.0000E+00,0.0000E+00,0.0000E+00,0.0000E+00,0.0000E+00
46,3.6700E+02,6.0800E+02,1.7426E-01,-3.1222E-01,3.2133E+01,-7.4604E+00,7.8783E-02,-6.0983E-03,-1.8135E-02,-1.5029E-01,-1.0000E+00,-1.0000E+00,-1.0000E+00,5.0000E+00,0.0000E+00,0.0000E+00,0.0000E+00,0.0000E+00
47,3.6700E+02,6.0800E+02,1.7426E-01,-3.1222E-01,3.2133E+01,-7.4604E+00,7.8783E-02,-6.0983E-03,-1.8135E-02,-1.5029E-01,-1.0000E+00,-1.0000E+00,-1.0000E+00,5.0000E+00,0.0000E+00,0.0000E+00,0.0000E+00,0.0000E+00
48,3.6700E+02,6.0800E+02,1.7426E-01,-3.1222E-01,3.2133E+01,-7.4604E+00,7.8783E-02,-6.0983E-03,-1.8135E-02,-1.5029E-01,-1.0000E+00,-1.0000E+00,-1.0000E+00,5.0000E+00,0.0000E+00,0.0000E+00,0.0000E+00,0.0000E+00
49,3.6700E+02,6.0800E+02,1.7426E-01,-3.1222E-01,3.2133E+01,-7.4604E+00,7.8783E-02,-6.0983E-03,-1.8135E-02,-1.5029E-01,-1.0000E+00,-1.0000E+00,-1.0000E+00,5.0000E+00,0.0000E+00,0.0000E+00,0.0000E+00,0.0000E+00
50,3.6700E+02,6.0800E+02,1.7426E-01,-3.1222E-01,3.2133E+01,-7.4604E+00,7.8783E-02,-6.0983E-03,-1.8135E-02,-1.5029E-01,-1.0000E+00,-1.0000E+00,-1.0000E+00,5.0000E+00,0.0000E+00,0.0000E+00,0.0000E+00,0.0000E+00
51,3.6700E+02,6.0800E+02,1.7426E-01,-3.1222E-01,3.2133E+01,-7.4604E+00,7.8783E-02,-6.0983E-03,-1.8135E-02,-1.5029E-01,-1.0000E+00,-1.0000E+00,-1.0000E+00,5.0000E+00,0.0000E+00,0.0000E+00,0.0000E+00,0.0000E+00
52,3.6700E+02,6.0800E+02,1.7426E-01,-3.1222E-01,3.2133E+01,-7.4604E+00,7.8783E-02,-6.0983E-03,-1.8135E-02,-1.5029E-01,-1.0000E+00,-1.0000E+00,-1.0000E+00,5.0000E+00,0.0000E+00,0.0000E+00,0.0000E+00,0.0000E+00
53,3.6700E+02,6.0800E+02,1.7426E-01,-3.1222E-01,3.2133E+01,-7.4604E+00,7.8783E-02,-6.0983E-03,-1.8135E-02,-1.5029E-01,-1.0000E+00,-1.0000E+00,-1.0000E+00,5.0000E+00,0.0000E+00,0.0000E+00,0.0000E+00,0.0000E+00
54,3.6700E+02,6.0800E+02,1.7426E-01,-3.1222E-01,3.2133E+01,-7.4604E+00,7.8783E-02,-6.0983E-03,-1.8135E-02,-1.5029E-01,-1.0000E+00,-1.0000E+00,-1.0000E+00,5.0000E+00,0.0000E+00,0.0000E+00,0.0000E+00,0.0000E+00
55,3.6700E+02,6.0800E+02,1.7426E-01,-3.1222E-01,3.2133E+01,-7.4604E+00,7.8783E-02,-6.0983E-03,-1.8135E-02,-1.5029E-01,-1.0000E+00,-1.0000E+00,-1.0000E+00,5.0000E+00,0.0000E+00,0.0000E+00,0.0000E+00,0.0000E+00
56,3.6700E+02,6.0800E+02,1.7426E-01,-3.1222E-01,3.2133E+01,-7.4604E+00,7.8783E-02,-6.0983E-03,-1.8135E-02,-1.5029E-01,-1.0000E+00,-1.0000E+00,-1.0000E+00,5.0000E+00,0.0000E+00,0.0000E+00,0.0000E+00,0.0000E+00
57,3.6700E+02,6.0800E+02,1.7426E-01,-3.1222E-01,3.2133E+01,-7.4604E+00,7.8783E-02,-6.0983E-03,-1.8135E-02,-1.5029E-01,-1.0000E+00,-1.0000E+00,-1.0000E+00,5.0000E+00,0.0000E+00,0.0000E+00,0.0000E+00,0.0000E+00
58,3.6700E+02,6.0800E+02,1.7426E-01,-3.1222E-01,3.2133E+01,-7.4604E+00,7.8783E-02,-6.0983E-03,-1.8135E-02,-1.5029E-01,-1.0000E+00,-1.0000E+00,-1.0000E+00,5.0000E+00,0.0000E+00,0.0000E+00,0.0000E+00,0.0000E+00
59,3.6700E+02,6.0800E+02,1.7426E-01,-3.1222E-01,3.2133E+01,-7.4604E+00,7.8783E-02,-6.0983E-03,-1.8135E-02,-1.5029E-01,-1.0000E+00,-1.0000E+00,-1.0000E+00,5.0000E+00,0.0000E+00,0.0000E+00,0.0000E+00,0.0000E+00
60,3.6700E+02,6.0800E+02,1.7426E-01,-3.1222E-01,3.2133E+01,-7.4604E+00,7.8783E-02,-6.0983E-03,-1.8135E-02,-1.5029E-01,-1.0000E+00,-1.0000E+00,-1.0000E+00,5.0000E+00,0.0000E+00,0.0000E+00,0.0000E+00,0.0000E+00
61,3.6700E+02,6.0800E+02,1.7426E-01,-3.1222E-01,3.2133E+01,-7.4604E+00,7.8783E-02,-6.0983E-03,-1.8135E-02,-1.5029E-01,-1.0000E+00,-1.0000E+00,-1.0000E+00,5.0000E+00,0.0000E+00,0.0000E+00,0.0000E+00,0.0000E+00
62,3.6700E+02,6.0800E+02,1.7426E-01,-3.1222E-01,3.2133E+01,-7.4604E+00,7.8783E-02,-6.0983E-03,-1.8135E-02,-1.5029E-01,-1.0000E+00,-1.0000E+00,-1.0000E+00,5.0000E+00,0.0000E+00,0.0000E+00,0.0000E+00,0.0000E+00
63,3.6700E+02,6.0800E+02,1.7426E-01,-3.1222E-01,3.2133E+01,-7.4604E+00,7.8783E-02,-6.0983E-03,-1.8135E-02,-1.5029E-01,-1.0000E+00,-1.0000E+00,-1.0000E+00,5.0000E+00,0.0000E+00,0.0000E+00,0.0000E+00,0.0000E+00
64,3.6700E+02,6.0800E+02,1.7426E-01,-3.1222E-01,3.2133E+01,-7.4604E+00,7.8783E-02,-6.0983E-03,-1.8135E-02,-1.5029E-01,-1.0000E+00,-1.0000E+00,-1.0000E+00,5.0000E+00,0.0000E+00,0.0000E+00,0.0000E+00,0.0000E+00
65,3.6700E+02,6.0800E+02,1.7426E-01,-3.1222E-01,3.2133E+01,-7.4604E+00,7.8783E-02,-6.0983E-03,-1.8135E-02,-1.5029E-01,-1.0000E+00,-1.0000E+00,-1.0000E+00,5.0000E+00,0.0000E+00,0.0000E+00,0.0000E+00,0.0000E+00
66,3.6700E+02,6.0800E+02,1.7426E-01,-3.1222E-01,3.2133E+01,-7.4604E+00,7.8783E-02,-6.0983E-03,-1.8135E-02,-1.5029E-01,-1.0000E+00,-1.0000E+00,-1.0000E+00,5.0000E+00,0.0000E+00,0.0000E+00,0.0000E+00,0.0000E+00
67,3.6700E+02,6.0800E+02,1.7426E-01,-3.1222E-01,3.2133E+01,-7.4604E+00,7.8783E-02,-6.0983E-03,-1.8135E-02,-1.5029E-01,-1.0000E+00,-1.0000E+00,-1.0000E+00,5.0000E+00,0.0000E+00,0.0000E+00,0.0000E+00,0.0000E+00
68,3.6700E+02,6.0800E+02,1.7426E-01,-3.1222E-01,3.2133E+01,-7.4604E+00,7.8783E-02,-6.0983E-03,-1.8135E-02,-1.5029E-01,-1.0000E+00,-1.0000E+00,-1.0000E+00,5.0000E+00,0.0000E+00,0.0000E+00,0.0000E+00,0.0000E+00
69,3.6700E+02,6.0800E+02,1.7426E-01,-3.1222E-01,3.2133E+01,-7.4604E+00,7.8783E-02,-6.0983E-03,-1.8135E-02,-1.5029E-01,-1.0000E+00,-1.0000E+00,-1.0000E+00,5.0000E+00,0.0000E+00,0.0000E+00,0.0000E+00,0.0000E+00
70,3.6700E+02,6.0800E+02,1.7426E-01,-3.1222E-01,3.2133E+01,-7.4604E+00,7.8783E-02,-6.0983E-03,-1.8135E-02,-1.5029E-01,-1.0000E+00,-1.0000E+00,-1.0000E+00,5.0000E+00,0.0000E+00,0.0000E+00,0.0000E+00,0.0000E+00
71,3.6700E+02,6.0800E+02,1.7426E-01,-3.1222E-01,3.2133E+01,-7.4604E+00,7.8783E-02,-6.0983E-03,-1.8135E-02,-1.5029E-01,-1.0000E+00,-1.0000E+00,-1.0000E+00,5.0000E+00,0.0000E+00,0.0000E+00,0.0000E+00,0.0000E+00
72,3.6700E+02,6.0800E+02,1.7426E-01,-3.1222E-01,3.2133E+01,-7.4604E+00,7.8783E-02,-6.0983E-03,-1.8135E-02,-1.5029E-01,-1.0000E+00,-1.0000E+00,-1.0000E+00,5.0000E+00,0.0000E+00,0.0000E+00,0.0000E+00,0.0000E+00
