FRAME,COORDINATE_X,COORDINATE_Y,DISPLACEMENT_X,DISPLACEMENT_Y,MODEL_COORDINATES_X,MODEL_COORDINATES_Y,MODEL_COORDINATES_Z,MODEL_DISPLACEMENT_X,MODEL_DISPLACEMENT_Y,MODEL_DISPLACEMENT_Z,SIGMA,GAMMA,BETA,STATUS_FLAG,UNCERTAINTY,VSG_STRAIN_XX,VSG_STRAIN_YY,VSG_STRAIN_XY
0,3.5000E+02,5.8000E+02,9.9129E-03,3.1492E-02,3.4768E+01,-9.3334E+00,6.2198E-03,6.0135E-04,-1.5522E-03,-1.9014E-02,1.9949E-02,4.3051E-02,0.0000E+00,4.0000E+00,6.7201E-02,0.0000E+00,0.0000E+00,0.0000E+00
1,3.5000E+02,5.8000E+02,1.1694E-01,-9.2453E-02,3.4768E+01,-9.3334E+00,6.2198E-03,-1.0936E-02,-6.6976E-03,-2.8264E-02,2.1739E-02,4.3179E-02,0.0000E+00,4.0000E+00,7.3231E-02,0.0000E+00,0.0000E+00,0.0000E+00
2,3.5000E+02,5.8000E+02,9.5583E-02,-9.6071E-02,3.4768E+01,-9.3334E+00,6.2198E-03,-1.0616E-02,-3.1932E-03,-4.8947E-03,2.0250E-02,3.8137E-02,0.0000E+00,4.0000E+00,6.8214E-02,0.0000E+00,0.0000E+00,0.0000E+00
3,3.5000E+02,5.8000E+02,9.8277E-02,-1.0055E-01,3.4768E+01,-9.3334E+00,6.2198E-03,-9.9554E-03,-4.6508E-03,-1.5730E-02,2.1837E-02,4.2963E-02,0.0000E+00,4.0000E+00,7.3561E-02,0.0000E+00,0.0000E+00,0.0000E+00
4,3.5000E+02,5.8000E+02,1.3825E-01,-9.6509E-02,3.4768E+01,-9.3334E+00,6.2198E-03,-1.2807E-02,-6.2498E-03,-3.5324E-02,2.1155E-02,4.6796E-02,0.0000E+00,4.0000E+00,7.1264E-02,0.0000E+00,0.0000E+00,0.0000E+00
5,3.5000E+02,5.8000E+02,1.2438E-01,-8.5956E-02,3.4768E+01,-9.3334E+00,6.2198E-03,-1.2541E-02,-3.9597E-03,-2.0543E-02,2.2355E-02,4.5133E-02,0.0000E+00,4.0000E+00,7.5304E-02,0.0000E+00,0.0000E+00,0.0000E+00
6,3.5000E+02,5.8000E+02,1.1763E-01,-6.9413E-02,3.4768E+01,-9.3334E+00,6.2198E-03,-1.0931E-02,-4.9377E-03,-2.9536E-02,2.2465E-02,4.4292E-02,0.0000E+00,4.0000E+00,7.5675E-02,0.0000E+00,0.0000E+00,0.0000E+00
7,3.5000E+02,5.8000E+02,1.2261E-01,-7.5550E-02,3.4768E+01,-9.3334E+00,6.2198E-03,-1.2283E-02,-4.5711E-03,-2.0673E-02,2.1287E-02,4.4518E-02,0.0000E+00,4.0000E+00,7.1708E-02,0.0000E+00,0.0000E+00,0.0000E+00
8,3.5000E+02,5.8000E+02,1.4391E-01,-9.0002E-02,3.4768E+01,-9.3334E+00,6.2198E-03,-1.3283E-02,-5.8717E-03,-3.7401E-02,2.1329E-02,4.1387E-02,0.0000E+00,4.0000E+00,7.1847E-02,0.0000E+00,0.0000E+00,0.0000E+00
9,3.5000E+02,5.8000E+02,1.0324E-01,-8.8363E-02,3.4768E+01,-9.3334E+00,6.2198E-03,-9.7114E-03,-5.6891E-03,-2.4545E-02,2.0097E-02,4.0088E-02,0.0000E+00,4.0000E+00,6.7697E-02,0.0000E+00,0.0000E+00,0.0000E+00
10,3.5000E+02,5.8000E+02,1.1562E-01,-8.9363E-02,3.4768E+01,-9.3334E+00,6.2198E-03,-1.1036E-02,-5.7030E-03,-2.5703E-02,2.1462E-02,4.3150E-02,0.0000E+00,4.0000E+00,7.2295E-02,0.0000E+00,0.0000E+00,0.0000E+00
11,3.5000E+02,5.8000E+02,1.1791E-01,-5.3824E-02,3.4768E+01,-9.3334E+00,6.2198E-03,-1.0358E-02,-4.3934E-03,-3.6561E-02,2.1204E-02,4.4739E-02,0.0000E+00,4.0000E+00,7.1429E-02,0.0000E+00,0.0000E+00,0.0000E+00
12,3.5000E+02,5.8000E+02,1.0519E-01,-9.2430E-02,3.4768E+01,-9.3334E+00,6.2198E-03,-9.0124E-03,-5.6101E-03,-3.5516E-02,2.1471E-02,4.0385E-02,0.0000E+00,4.0000E+00,7.2328E-02,0.0000E+00,0.0000E+00,0.0000E+00
13,3.5000E+02,5.8000E+02,1.1152E-01,-3.6564E-02,3.4768E+01,-9.3334E+00,6.2198E-03,-9.9923E-03,-3.4568E-03,-3.2274E-02,2.2936E-02,4.2958E-02,0.0000E+00,4.0000E+00,7.7260E-02,0.0000E+00,0.0000E+00,0.0000E+00
14,3.5000E+02,5.8000E+02,-9.5989E-01,-1.9077E+00,3.4768E+01,-9.3334E+00,6.2198E-03,1.5942E-02,2.3527E-02,1.0515E+00,2.1322E-02,5.5615E-02,0.0000E+00,4.0000E+00,7.1825E-02,0.0000E+00,0.0000E+00,0.0000E+00
15,3.5000E+02,5.8000E+02,-9.6476E-01,-1.9701E+00,3.4768E+01,-9.3334E+00,6.2198E-03,1.5724E-02,2.1001E-02,1.0604E+00,2.1256E-02,6.3792E-02,0.0000E+00,4.0000E+00,7.1602E-02,0.0000E+00,0.0000E+00,0.0000E+00
16,3.5000E+02,5.8000E+02,-9.7603E-01,-1.9877E+00,3.4768E+01,-9.3334E+00,6.2198E-03,1.7758E-02,2.0464E-02,1.0515E+00,1.9780E-02,5.5401E-02,0.0000E+00,4.0000E+00,6.6629E-02,0.0000E+00,0.0000E+00,0.0000E+00
17,3.5000E+02,5.8000E+02,-9.7860E-01,-1.9198E+00,3.4768E+01,-9.3334E+00,6.2198E-03,1.7732E-02,2.2605E-02,1.0558E+00,2.1742E-02,5.3976E-02,0.0000E+00,4.0000E+00,7.3238E-02,0.0000E+00,0.0000E+00,0.0000E+00
18,3.5000E+02,5.8000E+02,-2.0663E+00,-3.7368E+00,3.4768E+01,-9.3334E+00,6.2198E-03,5.5201E-02,3.7743E-02,2.0275E+00,2.3599E-02,6.0952E-02,0.0000E+00,4.0000E+00,7.9495E-02,0.0000E+00,0.0000E+00,0.0000E+00
19,3.5000E+02,5.8000E+02,-2.0701E+00,-3.7695E+00,3.4768E+01,-9.3334E+00,6.2198E-03,5.6043E-02,3.5823E-02,2.0229E+00,2.0519E-02,5.6831E-02,0.0000E+00,4.0000E+00,6.9121E-02,0.0000E+00,0.0000E+00,0.0000E+00
20,3.5000E+02,5.8000E+02,-2.0536E+00,-3.7136E+00,3.4768E+01,-9.3334E+00,6.2198E-03,5.4241E-02,3.6810E-02,2.0228E+00,2.1283E-02,5.8730E-02,0.0000E+00,4.0000E+00,7.1693E-02,0.0000E+00,0.0000E+00,0.0000E+00
21,3.5000E+02,5.8000E+02,-2.0428E+00,-3.6897E+00,3.4768E+01,-9.3334E+00,6.2198E-03,5.4818E-02,3.5741E-02,2.0026E+00,2.2250E-02,5.6716E-02,0.0000E+00,4.0000E+00,7.4952E-02,0.0000E+00,0.0000E+00,0.0000E+00
22,3.5000E+02,5.8000E+02,-1.3377E+00,-2.3397E+00,3.4768E+01,-9.3334E+00,6.2198E-03,4.0372E-02,2.4724E-02,1.2622E+00,1.9994E-02,5.3453E-02,0.0000E+00,4.0000E+00,6.7352E-02,0.0000E+00,0.0000E+00,0.0000E+00
23,3.5000E+02,5.8000E+02,-1.3717E+00,-2.2776E+00,3.4768E+01,-9.3334E+00,6.2198E-03,4.2701E-02,2.8255E-02,1.2804E+00,1.9918E-02,5.3028E-02,0.0000E+00,4.0000E+00,6.7095E-02,0.0000E+00,0.0000E+00,0.0000E+00
24,3.5000E+02,5.8000E+02,-1.3505E+00,-2.3769E+00,3.4768E+01,-9.3334E+00,6.2198E-03,4.1490E-02,2.3876E-02,1.2658E+00,2.0687E-02,4.7648E-02,0.0000E+00,4.0000E+00,6.9686E-02,0.0000E+00,0.0000E+00,0.0000E+00
25,3.5000E+02,5.8000E+02,-1.8022E-01,-4.8368E-01,3.4768E+01,-9.3334E+00,6.2198E-03,3.2585E-03,2.9780E-05,1.9386E-01,2.2650E-02,3.6572E-02,0.0000E+00,4.0000E+00,7.6299E-02,0.0000E+00,0.0000E+00,0.0000E+00
26,3.5000E+02,5.8000E+02,-1.7294E-01,-4.8795E-01,3.4768E+01,-9.3334E+00,6.2198E-03,1.9173E-03,-2.6567E-04,1.9985E-01,2.0063E-02,3.8704E-02,0.0000E+00,4.0000E+00,6.7583E-02,0.0000E+00,0.0000E+00,0.0000E+00
27,3.5000E+02,5.8000E+02,-1.9931E-01,-4.9347E-01,3.4768E+01,-9.3334E+00,6.2198E-03,2.6747E-03,2.2544E-03,2.2522E-01,2.0542E-02,3.7176E-02,0.0000E+00,4.0000E+00,6.9198E-02,0.0000E+00,0.0000E+00,0.0000E+00
28,3.5000E+02,5.8000E+02,-1.7207E-01,-5.1273E-01,3.4768E+01,-9.3334E+00,6.2198E-03,1.6171E-03,-8.3806E-04,2.0190E-01,2.2515E-02,3.5258E-02,0.0000E+00,4.0000E+00,7.5844E-02,0.0000E+00,0.0000E+00,0.0000E+00
29,3.5000E+02,5.8000E+02,-1.8503E-01,-4.9152E-01,3.4768E+01,-9.3334E+00,6.2198E-03,3.8843E-03,-8.7888E-04,1.9324E-01,2.1123E-02,3.7516E-02,0.0000E+00,4.0000E+00,7.1154E-02,0.0000E+00,0.0000E+00,0.0000E+00
30,3.5000E+02,5.8000E+02,-2.3416E-01,-4.6594E-01,3.4768E+01,-9.3334E+00,6.2198E-03,8.3094E-03,2.4208E-03,2.0654E-01,2.2310E-02,4.0683E-02,0.0000E+00,4.0000E+00,7.5154E-02,0.0000E+00,0.0000E+00,0.0000E+00
31,3.5000E+02,5.8000E+02,-2.3040E-01,-4.9782E-01,3.4768E+01,-9.3334E+00,6.2198E-03,9.2699E-03,7.9426E-05,1.9055E-01,1.9859E-02,3.4975E-02,0.0000E+00,4.0000E+00,6.6897E-02,0.0000E+00,0.0000E+00,0.0000E+00
32,3.5000E+02,5.8000E+02,-2.3048E-01,-4.1550E-01,3.4768E+01,-9.3334E+00,6.2198E-03,8.4025E-03,3.9395E-03,2.0092E-01,2.1565E-02,3.7540E-02,0.0000E+00,4.0000E+00,7.2644E-02,0.0000E+00,0.0000E+00,0.0000E+00
33,3.5000E+02,5.8000E+02,-2.1423E-01,-4.6419E-01,3.4768E+01,-9.3334E+00,6.2198E-03,6.6357E-03,4.9884E-04,2.0026E-01,2.0477E-02,3.9061E-02,0.0000E+00,4.0000E+00,6.8978E-02,0.0000E+00,0.0000E+00,0.0000E+00
34,3.5000E+02,5.8000E+02,-2.1898E-01,-5.0723E-01,3.4768E+01,-9.3334E+00,6.2198E-03,7.7923E-03,-2.8896E-04,1.9247E-01,2.2146E-02,3.8461E-02,0.0000E+00,4.0000E+00,7.4600E-02,0.0000E+00,0.0000E+00,0.0000E+00
35,3.5000E+02,5.8000E+02,-2.3104E-01,-4.6987E-01,3.4768E+01,-9.3334E+00,6.2198E-03,8.4563E-03,2.2365E-03,2.0060E-01,2.0828E-02,4.0458E-02,0.0000E+00,4.0000E+00,7.0159E-02,0.0000E+00,0.0000E+00,0.0000E+00
36,3.5000E+02,5.8000E+02,-2.4283E-01,-4.7882E-01,3.4768E+01,-9.3334E+00,6.2198E-03,8.9872E-03,2.2906E-03,2.1003E-01,1.9502E-02,3.8507E-02,0.0000E+00,4.0000E+00,6.5693E-02,0.0000E+00,0.0000E+00,0.0000E+00
37,3.5000E+02,5.8000E+02,-2.0798E-01,-4.8266E-01,3.4768E+01,-9.3334E+00,6.2198E-03,6.7684E-03,1.6868E-03,1.8932E-01,2.1039E-02,3.7957E-02,0.0000E+00,4.0000E+00,7.0871E-02,0.0000E+00,0.0000E+00,0.0000E+00
38,3.5000E+02,5.8000E+02,-2.2362E-01,-4.6937E-01,3.4768E+01,-9.3334E+00,6.2198E-03,6.9653E-03,3.4306E-03,2.0758E-01,2.3460E-02,3.8832E-02,0.0000E+00,4.0000E+00,7.9026E-02,0.0000E+00,0.0000E+00,0.0000E+00
39,3.5000E+02,5.8000E+02,-2.2987E-01,-4.2922E-01,3.4768E+01,-9.3334E+00,6.2198E-03,7.7429E-03,4.8030E-03,2.0714E-01,2.3144E-02,4.0246E-02,0.0000E+00,4.0000E+00,7.7961E-02,0.0000E+00,0.0000E+00,0.0000E+00
40,3.5000E+02,5.8000E+02,-2.1299E-01,-4.4824E-01,3.4768E+01,-9.3334E+00,6.2198E-03,7.0431E-03,9.0189E-04,1.9397E-01,2.2452E-02,3.4572E-02,0.0000E+00,4.0000E+00,7.5631E-02,0.0000E+00,0.0000E+00,0.0000E+00
