FRAME,COORDINATE_X,COORDINATE_Y,DISPLACEMENT_X,DISPLACEMENT_Y,MODEL_COORDINATES_X,MODEL_COORDINATES_Y,MODEL_COORDINATES_Z,MODEL_DISPLACEMENT_X,MODEL_DISPLACEMENT_Y,MODEL_DISPLACEMENT_Z,SIGMA,GAMMA,BETA,STATUS_FLAG,UNCERTAINTY,VSG_STRAIN_XX,VSG_STRAIN_YY,VSG_STRAIN_XY
0,5.3300E+02,5.6300E+02,-2.8407E-02,-3.7902E-04,1.3592E+01,-9.9611E+00,1.3190E-01,4.3710E-04,6.8507E-03,4.0697E-02,3.8901E-02,2.8758E-02,0.0000E+00,4.0000E+00,5.7434E-02,-1.2439E-04,-8.0067E-05,-4.6488E-05
1,5.3300E+02,5.6300E+02,-7.9009E-02,2.1201E-01,1.3592E+01,-9.9611E+00,1.3190E-01,5.2015E-03,1.6308E-02,5.5135E-02,4.3441E-02,3.5026E-02,0.0000E+00,4.0000E+00,6.4137E-02,-1.7431E-04,-2.0329E-04,-8.2249E-06
2,5.3300E+02,5.6300E+02,-5.7135E-02,2.5385E-01,1.3592E+01,-9.9611E+00,1.3190E-01,4.1678E-03,1.7796E-02,3.3328E-02,2.9167E-02,3.3861E-02,0.0000E+00,4.0000E+00,4.3062E-02,-1.6569E-04,-3.9469E-05,-7.8129E-05
3,5.3300E+02,5.6300E+02,-5.0672E-02,3.3225E-01,1.3592E+01,-9.9611E+00,1.3190E-01,1.7024E-03,2.5576E-02,5.9656E-02,2.9859E-02,3.0971E-02,0.0000E+00,4.0000E+00,4.4085E-02,-1.0885E-04,-2.0144E-05,-2.6641E-05
4,5.3300E+02,5.6300E+02,-8.4557E-02,2.6955E-01,1.3592E+01,-9.9611E+00,1.3190E-01,6.1092E-03,2.2147E-02,4.9722E-02,3.8295E-02,2.8733E-02,0.0000E+00,4.0000E+00,5.6540E-02,1.4391E-04,1.2251E-05,1.6546E-04
5,5.3300E+02,5.6300E+02,-5.7698E-02,2.8625E-01,1.3592E+01,-9.9611E+00,1.3190E-01,5.3830E-03,1.7109E-02,1.6003E-02,3.3570E-02,2.5255E-02,0.0000E+00,4.0000E+00,4.9563E-02,-1.8145E-04,-3.3479E-05,-7.8518E-05
6,5.3300E+02,5.6300E+02,-4.7697E-02,3.3363E-01,1.3592E+01,-9.9611E+00,1.3190E-01,4.4656E-03,1.8315E-02,1.3356E-02,2.6594E-02,2.5973E-02,0.0000E+00,4.0000E+00,3.9264E-02,-8.6462E-05,-9.0547E-05,-7.2368E-05
7,5.3300E+02,5.6300E+02,-1.4030E-01,2.9792E-01,1.3592E+01,-9.9611E+00,1.3190E-01,7.4004E-03,2.9644E-02,1.2514E-01,3.0305E-02,2.5244E-02,0.0000E+00,4.0000E+00,4.4742E-02,-1.1603E-05,1.5811E-04,-2.5688E-06
8,5.3300E+02,5.6300E+02,-6.7060E-02,3.6889E-01,1.3592E+01,-9.9611E+00,1.3190E-01,2.0863E-03,2.7989E-02,8.2202E-02,3.4758E-02,2.4817E-02,0.0000E+00,4.0000E+00,5.1317E-02,-3.5823E-06,9.5461E-05,2.4518E-05
9,5.3300E+02,5.6300E+02,-5.7420E-02,4.0211E-01,1.3592E+01,-9.9611E+00,1.3190E-01,1.6009E-03,2.7634E-02,7.3656E-02,2.5728E-02,3.3088E-02,0.0000E+00,4.0000E+00,3.7985E-02,-1.8250E-04,1.0013E-04,5.7798E-05
10,5.3300E+02,5.6300E+02,-8.1430E-02,3.5326E-01,1.3592E+01,-9.9611E+00,1.3190E-01,3.7338E-03,2.7548E-02,8.1333E-02,3.0935E-02,3.0475E-02,0.0000E+00,4.0000E+00,4.5674E-02,-1.9707E-04,-2.5920E-04,-6.9407E-05
11,5.3300E+02,5.6300E+02,-7.9100E-02,3.9992E-01,1.3592E+01,-9.9611E+00,1.3190E-01,1.8550E-03,3.1635E-02,1.0631E-01,2.5481E-02,3.2768E-02,0.0000E+00,4.0000E+00,3.7620E-02,-2.0245E-05,-2.4374E-05,1.2197E-04
12,5.3300E+02,5.6300E+02,-9.4469E-02,3.5298E-01,1.3592E+01,-9.9611E+00,1.3190E-01,5.8408E-03,2.9150E-02,7.0524E-02,3.5265E-02,2.6907E-02,0.0000E+00,4.0000E+00,5.2065E-02,2.5777E-05,1.2671E-05,1.0565E-04
13,5.3300E+02,5.6300E+02,-3.6536E-02,4.1300E-01,1.3592E+01,-9.9611E+00,1.3190E-01,6.1865E-04,2.8725E-02,5.2347E-02,3.0317E-02,2.8589E-02,0.0000E+00,4.0000E+00,4.4761E-02,1.1489E-04,1.1130E-04,3.0848E-05
14,5.3300E+02,5.6300E+02,-5.8067E-02,3.9775E-01,1.3592E+01,-9.9611E+00,1.3190E-01,9.0187E-05,3.2501E-02,9.6891E-02,2.8152E-02,3.0399E-02,0.0000E+00,4.0000E+00,4.1565E-02,-4.6298E-05,1.0062E-04,5.5377E-05
15,5.3300E+02,5.6300E+02,-7.6122E-02,3.8077E-01,1.3592E+01,-9.9611E+00,1.3190E-01,3.4577E-04,3.7914E-02,1.2246E-01,3.3038E-02,3.2467E-02,0.0000E+00,4.0000E+00,4.8778E-02,-6.2629E-05,1.6407E-04,9.0308E-05
16,5.3300E+02,5.6300E+02,-1.1947E-01,4.0535E-01,1.3592E+01,-9.9611E+00,1.3190E-01,9.8336E-03,2.8790E-02,5.2582E-02,3.4176E-02,3.2363E-02,0.0000E+00,4.0000E+00,5.0458E-02,-1.3784E-04,-3.2594E-05,-2.7350E-05
17,5.3300E+02,5.6300E+02,-7.2668E-02,3.7660E-01,1.3592E+01,-9.9611E+00,1.3190E-01,2.4045E-03,3.0848E-02,8.6235E-02,2.8796E-02,2.3310E-02,0.0000E+00,4.0000E+00,4.2514E-02,8.5979E-05,-3.3701E-05,-1.7228E-06
18,5.3300E+02,5.6300E+02,-4.8079E-01,-4.4946E-01,1.3592E+01,-9.9611E+00,1.3190E-01,1.1798E-02,5.0875E-02,6.3164E-01,2.8523E-02,2.2590E-02,0.0000E+00,4.0000E+00,4.2113E-02,-2.1569E-05,-9.8950E-05,-1.0805E-05
19,5.3300E+02,5.6300E+02,-1.0700E+00,-2.2172E+00,1.3592E+01,-9.9611E+00,1.3190E-01,1.6049E-02,6.0332E-02,1.5586E+00,2.7744E-02,3.4424E-02,0.0000E+00,4.0000E+00,4.0962E-02,-1.7058E-04,1.7437E-04,5.5921E-05
20,5.3300E+02,5.6300E+02,-1.6388E+00,-3.8434E+00,1.3592E+01,-9.9611E+00,1.3190E-01,2.2612E-02,7.7208E-02,2.4104E+00,2.7361E-02,2.7932E-02,0.0000E+00,4.0000E+00,4.0396E-02,3.1375E-05,2.4681E-04,-8.9719E-05
21,5.3300E+02,5.6300E+02,-2.1584E+00,-5.3676E+00,1.3592E+01,-9.9611E+00,1.3190E-01,2.7555E-02,9.3461E-02,3.2016E+00,3.2952E-02,2.8580E-02,0.0000E+00,4.0000E+00,4.8650E-02,-4.2113E-05,2.1811E-04,-1.1029E-04
22,5.3300E+02,5.6300E+02,-2.7072E+00,-7.1088E+00,1.3592E+01,-9.9611E+00,1.3190E-01,2.8353E-02,1.0979E-01,4.1012E+00,3.0020E-02,2.8446E-02,0.0000E+00,4.0000E+00,4.4322E-02,-2.1867E-04,1.9818E-04,-2.0212E-04
23,5.3300E+02,5.6300E+02,-3.3234E+00,-8.5864E+00,1.3592E+01,-9.9611E+00,1.3190E-01,4.2164E-02,1.2014E-01,4.9173E+00,2.7620E-02,2.7109E-02,0.0000E+00,4.0000E+00,4.0779E-02,-1.8237E-05,-2.7623E-04,-3.6662E-04
24,5.3300E+02,5.6300E+02,-4.0430E+00,-1.0303E+01,1.3592E+01,-9.9611E+00,1.3190E-01,5.8486E-02,1.4318E-01,5.8601E+00,3.5190E-02,2.6282E-02,0.0000E+00,4.0000E+00,5.1956E-02,3.8335E-04,6.7759E-05,-2.8000E-04
25,5.3300E+02,5.6300E+02,-4.5961E+00,-1.2012E+01,1.3592E+01,-9.9611E+00,1.3190E-01,6.6587E-02,1.4467E-01,6.6491E+00,2.1535E-02,2.7125E-02,0.0000E+00,4.0000E+00,3.1794E-02,4.7317E-04,1.3358E-04,-6.8930E-05
26,5.3300E+02,5.6300E+02,-5.3026E+00,-1.3669E+01,1.3592E+01,-9.9611E+00,1.3190E-01,8.1132E-02,1.6932E-01,7.5900E+00,3.9161E-02,3.0608E-02,0.0000E+00,4.0000E+00,5.7818E-02,3.6203E-04,8.6406E-05,-2.0076E-04
27,5.3300E+02,5.6300E+02,-5.7457E+00,-1.5225E+01,1.3592E+01,-9.9611E+00,1.3190E-01,7.6718E-02,1.7619E-01,8.3806E+00,3.2840E-02,2.4600E-02,0.0000E+00,4.0000E+00,4.8486E-02,3.8847E-04,4.7988E-04,-3.7150E-04
28,5.3300E+02,5.6300E+02,-6.5945E+00,-1.6867E+01,1.3592E+01,-9.9611E+00,1.3190E-01,1.0469E-01,1.9807E-01,9.3482E+00,3.6366E-02,2.7829E-02,0.0000E+00,4.0000E+00,5.3691E-02,4.3827E-04,4.1275E-04,-2.5535E-04
29,5.3300E+02,5.6300E+02,-7.1138E+00,-1.8729E+01,1.3592E+01,-9.9611E+00,1.3190E-01,1.0259E-01,2.0749E-01,1.0220E+01,2.2772E-02,3.5802E-02,0.0000E+00,4.0000E+00,3.3621E-02,8.0031E-05,5.3961E-04,-2.7844E-04
30,5.3300E+02,5.6300E+02,-7.0161E+00,-1.8002E+01,1.3592E+01,-9.9611E+00,1.3190E-01,1.1821E-01,2.0355E-01,9.8292E+00,2.6433E-02,3.3204E-02,0.0000E+00,4.0000E+00,3.9026E-02,2.3976E-04,6.9151E-04,-4.2437E-04
31,5.3300E+02,5.6300E+02,-6.3118E+00,-1.6325E+01,1.3592E+01,-9.9611E+00,1.3190E-01,9.9527E-02,1.8562E-01,8.9642E+00,3.3694E-02,2.4656E-02,0.0000E+00,4.0000E+00,4.9746E-02,3.2071E-04,5.4240E-04,-2.0747E-04
32,5.3300E+02,5.6300E+02,-5.6318E+00,-1.4570E+01,1.3592E+01,-9.9611E+00,1.3190E-01,9.1257E-02,1.6817E-01,7.9771E+00,2.9600E-02,2.9578E-02,0.0000E+00,4.0000E+00,4.3701E-02,3.0420E-04,3.5128E-04,-9.9559E-05
33,5.3300E+02,5.6300E+02,-4.9848E+00,-1.2755E+01,1.3592E+01,-9.9611E+00,1.3190E-01,7.9545E-02,1.6230E-01,7.0923E+00,3.1764E-02,2.8556E-02,0.0000E+00,4.0000E+00,4.6897E-02,3.2340E-04,1.7735E-04,-1.2036E-04
34,5.3300E+02,5.6300E+02,-4.2816E+00,-1.0851E+01,1.3592E+01,-9.9611E+00,1.3190E-01,6.3489E-02,1.5058E-01,6.1785E+00,3.2877E-02,2.8617E-02,0.0000E+00,4.0000E+00,4.8541E-02,1.4652E-04,2.4994E-05,-2.1914E-04
35,5.3300E+02,5.6300E+02,-3.5449E+00,-9.0443E+00,1.3592E+01,-9.9611E+00,1.3190E-01,5.0022E-02,1.2922E-01,5.1646E+00,3.2321E-02,2.6200E-02,0.0000E+00,4.0000E+00,4.7719E-02,7.5708E-05,-1.3372E-04,-2.9228E-04
36,5.3300E+02,5.6300E+02,-3.0361E+00,-7.5411E+00,1.3592E+01,-9.9611E+00,1.3190E-01,4.5421E-02,1.1671E-01,4.3919E+00,3.0589E-02,3.0175E-02,0.0000E+00,4.0000E+00,4.5162E-02,-6.2822E-05,2.7512E-04,6.5100E-06
37,5.3300E+02,5.6300E+02,-2.4250E+00,-5.8928E+00,1.3592E+01,-9.9611E+00,1.3190E-01,3.7780E-02,9.7204E-02,3.4923E+00,4.2266E-02,2.7779E-02,0.0000E+00,4.0000E+00,6.2402E-02,-1.6785E-04,4.2361E-04,-7.3296E-05
38,5.3300E+02,5.6300E+02,-1.6700E+00,-4.1303E+00,1.3592E+01,-9.9611E+00,1.3190E-01,1.7436E-02,8.0163E-02,2.5396E+00,3.0787E-02,3.0836E-02,0.0000E+00,4.0000E+00,4.5455E-02,-2.5980E-04,6.1260E-05,-1.3940E-04
39,5.3300E+02,5.6300E+02,-1.1148E+00,-2.3963E+00,1.3592E+01,-9.9611E+00,1.3190E-01,1.2656E-02,7.3999E-02,1.6822E+00,2.2908E-02,3.3392E-02,0.0000E+00,4.0000E+00,3.3822E-02,-1.2084E-04,3.9247E-05,-2.9724E-05
40,5.3300E+02,5.6300E+02,-5.0152E-01,-6.2730E-01,1.3592E+01,-9.9611E+00,1.3190E-01,1.5144E-02,4.8184E-02,6.1315E-01,2.9228E-02,2.8698E-02,0.0000E+00,4.0000E+00,4.3153E-02,-4.2115E-06,7.2114E-05,7.3554E-05
41,5.3300E+02,5.6300E+02,-7.0981E-02,7.7291E-01,1.3592E+01,-9.9611E+00,1.3190E-01,6.4855E-03,4.2037E-02,2.2537E-02,3.1653E-02,3.0043E-02,0.0000E+00,4.0000E+00,4.6733E-02,-4.2428E-05,-1.3566E-05,7.7879E-05
42,5.3300E+02,5.6300E+02,-7.7053E-02,6.9335E-01,1.3592E+01,-9.9611E+00,1.3190E-01,6.9225E-03,4.2546E-02,2.4719E-02,3.3780E-02,3.3472E-02,0.0000E+00,4.0000E+00,4.9874E-02,-3.2534E-05,-2.7450E-05,9.7196E-05
43,5.3300E+02,5.6300E+02,-8.1644E-02,7.8076E-01,1.3592E+01,-9.9611E+00,1.3190E-01,5.8445E-03,4.8868E-02,4.9220E-02,3.1109E-02,3.7477E-02,0.0000E+00,4.0000E+00,4.5929E-02,-2.3459E-05,-9.1826E-05,-2.5392E-05
44,5.3300E+02,5.6300E+02,-9.7834E-02,7.2201E-01,1.3592E+01,-9.9611E+00,1.3190E-01,6.2651E-03,4.7914E-02,7.0234E-02,2.5270E-02,2.9759E-02,0.0000E+00,4.0000E+00,3.7310E-02,6.7281E-05,-2.2624E-05,1.1870E-04
45,5.3300E+02,5.6300E+02,-1.2834E-01,7.6270E-01,1.3592E+01,-9.9611E+00,1.3190E-01,8.7992E-03,5.1437E-02,8.3408E-02,2.7385E-02,2.8344E-02,0.0000E+00,4.0000E+00,4.0432E-02,-1.1081E-04,1.0585E-04,-6.3961E-05
46,5.3300E+02,5.6300E+02,-6.8167E-02,7.9860E-01,1.3592E+01,-9.9611E+00,1.3190E-01,2.8937E-03,5.3810E-02,7.0734E-02,2.9958E-02,2.8277E-02,0.0000E+00,4.0000E+00,4.4231E-02,-9.4438E-06,2.2359E-04,2.0986E-05
47,5.3300E+02,5.6300E+02,-8.7774E-02,7.6541E-01,1.3592E+01,-9.9611E+00,1.3190E-01,7.4109E-03,4.5734E-02,3.6070E-02,3.6514E-02,2.9095E-02,0.0000E+00,4.0000E+00,5.3910E-02,-5.3367E-05,3.1700E-05,-9.9267E-05
48,5.3300E+02,5.6300E+02,-8.2471E-02,7.8536E-01,1.3592E+01,-9.9611E+00,1.3190E-01,7.4218E-03,4.4961E-02,2.7211E-02,2.7596E-02,2.9926E-02,0.0000E+00,4.0000E+00,4.0743E-02,5.6917E-05,1.9541E-04,4.5230E-07
49,5.3300E+02,5.6300E+02,-1.1455E-01,7.9869E-01,1.3592E+01,-9.9611E+00,1.3190E-01,8.9062E-03,5.1165E-02,5.8309E-02,2.9130E-02,3.4074E-02,0.0000E+00,4.0000E+00,4.3007E-02,3.0084E-05,-3.5275E-05,-4.3724E-05
50,5.3300E+02,5.6300E+02,-7.4854E-02,7.9472E-01,1.3592E+01,-9.9611E+00,1.3190E-01,2.8072E-03,5.4292E-02,8.3583E-02,2.9723E-02,3.5145E-02,0.0000E+00,4.0000E+00,4.3884E-02,-1.9269E-04,1.5422E-04,-1.0643E-04
51,5.3300E+02,5.6300E+02,-7.2204E-02,6.7352E-01,1.3592E+01,-9.9611E+00,1.3190E-01,3.4867E-03,4.8759E-02,6.7905E-02,3.4003E-02,3.1677E-02,0.0000E+00,4.0000E+00,5.0203E-02,7.6072E-07,1.8813E-05,6.7928E-05
52,5.3300E+02,5.6300E+02,-1.6035E-01,7.8557E-01,1.3592E+01,-9.9611E+00,1.3190E-01,1.3950E-02,4.8304E-02,5.9926E-02,3.0799E-02,3.4773E-02,0.0000E+00,4.0000E+00,4.5473E-02,1.2140E-04,1.1839E-04,-7.0784E-05
53,5.3300E+02,5.6300E+02,-2.5436E-02,6.8841E-01,1.3592E+01,-9.9611E+00,1.3190E-01,1.5056E-03,4.3286E-02,1.9146E-02,2.5852E-02,2.6459E-02,0.0000E+00,4.0000E+00,3.8168E-02,-1.8980E-04,2.7826E-05,-1.9068E-06
54,5.3300E+02,5.6300E+02,-1.4317E-01,7.9813E-01,1.3592E+01,-9.9611E+00,1.3190E-01,1.2293E-02,4.8004E-02,5.6192E-02,3.2605E-02,3.3531E-02,0.0000E+00,4.0000E+00,4.8139E-02,8.6694E-05,9.1349E-05,-5.5874E-06
55,5.3300E+02,5.6300E+02,-1.2679E-01,6.8599E-01,1.3592E+01,-9.9611E+00,1.3190E-01,8.7681E-03,4.9966E-02,8.0305E-02,3.7454E-02,3.0170E-02,0.0000E+00,4.0000E+00,5.5298E-02,5.0796E-05,-1.8985E-05,4.3181E-05
56,5.3300E+02,5.6300E+02,-5.6162E-02,7.1776E-01,1.3592E+01,-9.9611E+00,1.3190E-01,6.0099E-03,4.1921E-02,3.1054E-03,2.4986E-02,3.0897E-02,0.0000E+00,4.0000E+00,3.6890E-02,-3.3563E-05,2.5224E-05,9.6284E-05
57,5.3300E+02,5.6300E+02,-1.2225E-01,7.4400E-01,1.3592E+01,-9.9611E+00,1.3190E-01,1.0376E-02,4.6917E-02,4.9093E-02,2.4553E-02,2.9425E-02,0.0000E+00,4.0000E+00,3.6250E-02,1.7770E-05,-8.5621E-05,2.1919E-05
58,5.3300E+02,5.6300E+02,-7.8483E-02,8.4197E-01,1.3592E+01,-9.9611E+00,1.3190E-01,8.6553E-03,4.2159E-02,2.7577E-03,2.5703E-02,3.3462E-02,0.0000E+00,4.0000E+00,3.7949E-02,-1.2662E-05,9.0542E-05,-1.3494E-04
59,5.3300E+02,5.6300E+02,-1.0501E-01,7.8073E-01,1.3592E+01,-9.9611E+00,1.3190E-01,8.7282E-03,4.7952E-02,4.5105E-02,3.4448E-02,3.7098E-02,0.0000E+00,4.0000E+00,5.0860E-02,-8.3641E-05,1.2317E-04,2.7744E-05
60,5.3300E+02,5.6300E+02,-1.0325E-01,7.4786E-01,1.3592E+01,-9.9611E+00,1.3190E-01,9.4225E-03,4.4150E-02,3.1742E-02,2.9958E-02,2.8824E-02,0.0000E+00,4.0000E+00,4.4231E-02,-1.4054E-04,9.0969E-05,1.5690E-05
61,5.3300E+02,5.6300E+02,-1.4737E-01,7.5403E-01,1.3592E+01,-9.9611E+00,1.3190E-01,1.3515E-02,4.6695E-02,4.3977E-02,2.9699E-02,2.6742E-02,0.0000E+00,4.0000E+00,4.3847E-02,5.9927E-05,6.1389E-05,3.2517E-05
62,5.3300E+02,5.6300E+02,-1.4234E-01,7.5823E-01,1.3592E+01,-9.9611E+00,1.3190E-01,1.1939E-02,5.0750E-02,5.8713E-02,2.8870E-02,2.7006E-02,0.0000E+00,4.0000E+00,4.2624E-02,-5.1143E-05,2.9818E-04,8.8338E-05
63,5.3300E+02,5.6300E+02,-9.3225E-02,7.5659E-01,1.3592E+01,-9.9611E+00,1.3190E-01,9.2039E-03,4.7098E-02,1.6842E-02,3.0268E-02,2.8427E-02,0.0000E+00,4.0000E+00,4.4687E-02,2.5317E-06,-8.9722E-05,-7.0520E-05
