FRAME,COORDINATE_X,COORDINATE_Y,DISPLACEMENT_X,DISPLACEMENT_Y,MODEL_COORDINATES_X,MODEL_COORDINATES_Y,MODEL_COORDINATES_Z,MODEL_DISPLACEMENT_X,MODEL_DISPLACEMENT_Y,MODEL_DISPLACEMENT_Z,SIGMA,GAMMA,BETA,STATUS_FLAG,UNCERTAINTY,VSG_STRAIN_XX,VSG_STRAIN_YY,VSG_STRAIN_XY
0,5.0300E+02,7.8800E+02,3.6824E-02,-1.1952E-01,1.6924E+01,2.7580E+00,1.0590E-02,1.4414E-04,-8.0149E-03,-5.9677E-02,3.0465E-02,4.4547E-02,0.0000E+00,4.0000E+00,5.8841E-02,3.4996E-05,3.0393E-05,-4.3291E-05
1,5.0300E+02,7.8800E+02,-2.7117E-02,8.0300E-02,1.6924E+01,2.7580E+00,1.0590E-02,4.5001E-03,4.7252E-03,-2.1300E-02,3.2007E-02,4.3530E-02,0.0000E+00,4.0000E+00,6.1817E-02,-5.3453E-05,-8.0069E-05,-4.3224E-06
2,5.0300E+02,7.8800E+02,-1.0072E-01,1.7459E-01,1.6924E+01,2.7580E+00,1.0590E-02,9.3004E-03,1.4798E-02,2.5119E-02,3.5099E-02,3.8810E-02,0.0000E+00,4.0000E+00,6.7789E-02,-1.2418E-05,3.6971E-05,3.9365E-05
3,5.0300E+02,7.8800E+02,-1.3166E-01,1.5323E-01,1.6924E+01,2.7580E+00,1.0590E-02,1.2444E-02,1.3290E-02,2.9459E-02,3.2773E-02,4.9726E-02,0.0000E+00,4.0000E+00,6.3297E-02,-1.2214E-04,-5.0534E-05,1.0585E-04
4,5.0300E+02,7.8800E+02,-7.9342E-02,1.9673E-01,1.6924E+01,2.7580E+00,1.0590E-02,8.1249E-03,1.4347E-02,8.5547E-03,2.6201E-02,4.0939E-02,0.0000E+00,4.0000E+00,5.0604E-02,-2.3020E-05,-3.2560E-05,6.6015E-05
5,5.0300E+02,7.8800E+02,-5.7611E-02,1.8487E-01,1.6924E+01,2.7580E+00,1.0590E-02,6.1242E-03,1.2435E-02,3.0706E-03,4.0082E-02,4.3272E-02,0.0000E+00,4.0000E+00,7.7413E-02,-3.6672E-05,-3.1674E-05,3.7091E-05
6,5.0300E+02,7.8800E+02,-7.1330E-02,1.6800E-01,1.6924E+01,2.7580E+00,1.0590E-02,5.8632E-03,1.4096E-02,2.7643E-02,3.4579E-02,4.5460E-02,0.0000E+00,4.0000E+00,6.6785E-02,-3.9600E-05,-9.3489E-06,3.1780E-05
7,5.0300E+02,7.8800E+02,-6.0204E-02,2.2663E-01,1.6924E+01,2.7580E+00,1.0590E-02,6.1582E-03,1.5361E-02,6.4397E-03,3.0636E-02,3.4396E-02,0.0000E+00,4.0000E+00,5.9169E-02,3.6872E-05,1.9583E-04,1.0372E-04
8,5.0300E+02,7.8800E+02,-1.0154E-01,2.7886E-01,1.6924E+01,2.7580E+00,1.0590E-02,7.9141E-03,1.9166E-02,4.6449E-02,3.7604E-02,4.5415E-02,0.0000E+00,4.0000E+00,7.2629E-02,5.9846E-06,-3.8668E-05,8.8011E-05
9,5.0300E+02,7.8800E+02,-1.4106E-01,2.6809E-01,1.6924E+01,2.7580E+00,1.0590E-02,1.2201E-02,2.2671E-02,4.6659E-02,3.2517E-02,3.5225E-02,0.0000E+00,4.0000E+00,6.2804E-02,4.5955E-05,-5.5028E-05,9.6362E-05
10,5.0300E+02,7.8800E+02,-5.6391E-02,2.9510E-01,1.6924E+01,2.7580E+00,1.0590E-02,6.3446E-03,1.6231E-02,-1.3655E-03,3.0503E-02,4.1125E-02,0.0000E+00,4.0000E+00,5.8914E-02,2.9645E-06,6.7754E-05,8.8295E-05
11,5.0300E+02,7.8800E+02,-7.8421E-02,2.5626E-01,1.6924E+01,2.7580E+00,1.0590E-02,6.6591E-03,1.7147E-02,2.8031E-02,3.2697E-02,4.0561E-02,0.0000E+00,4.0000E+00,6.3151E-02,-3.2115E-05,-3.6048E-05,8.2925E-05
12,5.0300E+02,7.8800E+02,-7.9528E-02,2.2982E-01,1.6924E+01,2.7580E+00,1.0590E-02,9.2051E-03,1.4631E-02,-6.0440E-03,3.6829E-02,4.4605E-02,0.0000E+00,4.0000E+00,7.1131E-02,-1.3589E-04,-3.1549E-05,-2.5883E-06
13,5.0300E+02,7.8800E+02,-8.8757E-02,2.1687E-01,1.6924E+01,2.7580E+00,1.0590E-02,7.7379E-03,1.7766E-02,2.8169E-02,3.6375E-02,4.9989E-02,0.0000E+00,4.0000E+00,7.0255E-02,-6.5136E-05,-1.2435E-04,9.3172E-05
14,5.0300E+02,7.8800E+02,-4.0922E-02,2.6636E-01,1.6924E+01,2.7580E+00,1.0590E-02,3.2211E-03,1.9699E-02,1.6983E-02,3.2215E-02,3.8590E-02,0.0000E+00,4.0000E+00,6.2219E-02,4.2609E-05,-6.1298E-05,1.0514E-04
15,5.0300E+02,7.8800E+02,-7.3363E-02,3.6919E-01,1.6924E+01,2.7580E+00,1.0590E-02,3.7817E-03,2.5117E-02,6.0266E-02,3.2158E-02,3.4281E-02,0.0000E+00,4.0000E+00,6.2110E-02,-1.0285E-04,-4.7880E-05,1.5122E-04
16,5.0300E+02,7.8800E+02,-5.2868E-02,3.1171E-01,1.6924E+01,2.7580E+00,1.0590E-02,3.5392E-03,2.3164E-02,3.0981E-02,2.7714E-02,4.4564E-02,0.0000E+00,4.0000E+00,5.3526E-02,4.2087E-05,1.1860E-04,9.5876E-05
17,5.0300E+02,7.8800E+02,-5.6187E-02,3.0994E-01,1.6924E+01,2.7580E+00,1.0590E-02,4.0272E-03,2.1533E-02,2.9788E-02,3.0787E-02,4.3204E-02,0.0000E+00,4.0000E+00,5.9462E-02,-4.9689E-06,5.3390E-05,1.6313E-04
18,5.0300E+02,7.8800E+02,-5.1123E-01,-3.1230E-01,1.6924E+01,2.7580E+00,1.0590E-02,1.9121E-02,3.4665E-02,5.1904E-01,3.4021E-02,4.0649E-02,0.0000E+00,4.0000E+00,6.5707E-02,1.0542E-04,-1.5860E-05,1.9813E-05
19,5.0300E+02,7.8800E+02,-1.2206E+00,-1.7234E+00,1.6924E+01,2.7580E+00,1.0590E-02,2.1720E-02,5.8475E-02,1.5673E+00,3.3151E-02,4.8515E-02,0.0000E+00,4.0000E+00,6.4027E-02,-1.4571E-04,2.0778E-04,1.3419E-04
20,5.0300E+02,7.8800E+02,-1.7717E+00,-2.9431E+00,1.6924E+01,2.7580E+00,1.0590E-02,2.8127E-02,6.3975E-02,2.3186E+00,3.6602E-02,4.4091E-02,0.0000E+00,4.0000E+00,7.0693E-02,-2.0609E-04,3.2356E-04,2.3372E-04
21,5.0300E+02,7.8800E+02,-2.3774E+00,-4.0004E+00,1.6924E+01,2.7580E+00,1.0590E-02,3.5946E-02,8.5564E-02,3.1305E+00,3.8191E-02,4.2923E-02,0.0000E+00,4.0000E+00,7.3761E-02,-9.3055E-05,3.0632E-04,5.6789E-05
22,5.0300E+02,7.8800E+02,-3.0330E+00,-5.3923E+00,1.6924E+01,2.7580E+00,1.0590E-02,4.2175E-02,9.7264E-02,4.0370E+00,3.0636E-02,4.3007E-02,0.0000E+00,4.0000E+00,5.9169E-02,-3.1530E-04,3.9690E-04,1.2751E-04
23,5.0300E+02,7.8800E+02,-3.7309E+00,-6.4871E+00,1.6924E+01,2.7580E+00,1.0590E-02,5.6535E-02,1.2027E-01,4.8926E+00,3.2394E-02,3.9734E-02,0.0000E+00,4.0000E+00,6.2566E-02,-1.2686E-04,2.8452E-04,6.5346E-05
24,5.0300E+02,7.8800E+02,-4.4685E+00,-7.7892E+00,1.6924E+01,2.7580E+00,1.0590E-02,7.0260E-02,1.3686E-01,5.8135E+00,3.5250E-02,4.5573E-02,0.0000E+00,4.0000E+00,6.8081E-02,-6.6169E-05,4.8151E-04,-1.1169E-05
25,5.0300E+02,7.8800E+02,-5.0955E+00,-9.0029E+00,1.6924E+01,2.7580E+00,1.0590E-02,7.6650E-02,1.4628E-01,6.6670E+00,3.4295E-02,3.6052E-02,0.0000E+00,4.0000E+00,6.6237E-02,-3.1352E-04,3.8677E-04,1.3093E-04
26,5.0300E+02,7.8800E+02,-5.7074E+00,-1.0270E+01,1.6924E+01,2.7580E+00,1.0590E-02,8.5395E-02,1.5783E-01,7.4597E+00,3.9023E-02,3.4167E-02,0.0000E+00,4.0000E+00,7.5368E-02,-4.6181E-04,3.8630E-04,1.1589E-04
27,5.0300E+02,7.8800E+02,-6.2743E+00,-1.1521E+01,1.6924E+01,2.7580E+00,1.0590E-02,8.4044E-02,1.7386E-01,8.3206E+00,3.9401E-02,4.3215E-02,0.0000E+00,4.0000E+00,7.6098E-02,-5.5334E-04,4.6684E-04,2.5556E-05
28,5.0300E+02,7.8800E+02,-7.1460E+00,-1.2661E+01,1.6924E+01,2.7580E+00,1.0590E-02,1.1081E-01,1.9848E-01,9.2499E+00,3.0030E-02,3.6933E-02,0.0000E+00,4.0000E+00,5.8001E-02,-6.8582E-04,4.9357E-04,-1.7323E-05
29,5.0300E+02,7.8800E+02,-7.8485E+00,-1.4307E+01,1.6924E+01,2.7580E+00,1.0590E-02,1.1576E-01,2.1202E-01,1.0217E+01,3.1770E-02,4.1107E-02,0.0000E+00,4.0000E+00,6.1361E-02,-7.6610E-04,5.6279E-04,1.0248E-04
30,5.0300E+02,7.8800E+02,-7.5988E+00,-1.3651E+01,1.6924E+01,2.7580E+00,1.0590E-02,1.2362E-01,1.9829E-01,9.7439E+00,3.9335E-02,4.7086E-02,0.0000E+00,4.0000E+00,7.5971E-02,-6.3276E-04,5.5448E-04,7.2766E-05
31,5.0300E+02,7.8800E+02,-6.9045E+00,-1.2401E+01,1.6924E+01,2.7580E+00,1.0590E-02,1.0859E-01,1.8540E-01,8.9217E+00,3.7018E-02,3.8193E-02,0.0000E+00,4.0000E+00,7.1496E-02,-6.3227E-04,5.0332E-04,-9.4526E-05
32,5.0300E+02,7.8800E+02,-6.1790E+00,-1.0971E+01,1.6924E+01,2.7580E+00,1.0590E-02,1.0270E-01,1.6742E-01,7.9254E+00,3.4531E-02,4.2288E-02,0.0000E+00,4.0000E+00,6.6693E-02,-5.2887E-04,3.1918E-04,5.3601E-05
33,5.0300E+02,7.8800E+02,-5.4935E+00,-9.6357E+00,1.6924E+01,2.7580E+00,1.0590E-02,8.9760E-02,1.5710E-01,7.0811E+00,3.5524E-02,3.6126E-02,0.0000E+00,4.0000E+00,6.8611E-02,-1.9580E-04,4.1730E-04,1.6118E-04
34,5.0300E+02,7.8800E+02,-4.6899E+00,-8.2059E+00,1.6924E+01,2.7580E+00,1.0590E-02,7.3787E-02,1.3957E-01,6.0978E+00,3.3586E-02,4.0557E-02,0.0000E+00,4.0000E+00,6.4867E-02,-8.2593E-05,4.1032E-04,5.5211E-05
35,5.0300E+02,7.8800E+02,-3.8841E+00,-6.7413E+00,1.6924E+01,2.7580E+00,1.0590E-02,5.8508E-02,1.2408E-01,5.0966E+00,3.2848E-02,4.0627E-02,0.0000E+00,4.0000E+00,6.3443E-02,-2.9222E-04,2.5432E-04,-1.0199E-05
36,5.0300E+02,7.8800E+02,-3.3071E+00,-5.7201E+00,1.6924E+01,2.7580E+00,1.0590E-02,5.2560E-02,1.0592E-01,4.3084E+00,3.9354E-02,5.1820E-02,0.0000E+00,4.0000E+00,7.6007E-02,-1.6490E-04,3.7913E-04,-4.3893E-06
37,5.0300E+02,7.8800E+02,-2.6468E+00,-4.4628E+00,1.6924E+01,2.7580E+00,1.0590E-02,4.1245E-02,9.1993E-02,3.4660E+00,2.9964E-02,3.3037E-02,0.0000E+00,4.0000E+00,5.7873E-02,-1.8233E-04,3.4275E-04,1.1932E-05
38,5.0300E+02,7.8800E+02,-1.8888E+00,-3.0824E+00,1.6924E+01,2.7580E+00,1.0590E-02,2.7143E-02,7.5761E-02,2.5097E+00,3.3359E-02,3.9739E-02,0.0000E+00,4.0000E+00,6.4429E-02,-2.4565E-04,2.1902E-04,1.3042E-04
39,5.0300E+02,7.8800E+02,-1.3289E+00,-1.7424E+00,1.6924E+01,2.7580E+00,1.0590E-02,2.9336E-02,6.3364E-02,1.6275E+00,3.4938E-02,4.8092E-02,0.0000E+00,4.0000E+00,6.7479E-02,-1.4476E-05,1.0552E-04,1.8069E-04
40,5.0300E+02,7.8800E+02,-5.3050E-01,-2.1269E-01,1.6924E+01,2.7580E+00,1.0590E-02,1.8161E-02,4.4489E-02,5.6154E-01,2.7534E-02,4.1226E-02,0.0000E+00,4.0000E+00,5.3179E-02,-5.4051E-06,4.8290E-05,9.1784E-05
41,5.0300E+02,7.8800E+02,-8.2886E-02,6.4967E-01,1.6924E+01,2.7580E+00,1.0590E-02,7.3525E-03,3.9776E-02,2.4510E-02,3.3737E-02,4.0203E-02,0.0000E+00,4.0000E+00,6.5159E-02,-8.1264E-05,3.0771E-05,6.5560E-05
42,5.0300E+02,7.8800E+02,-1.2961E-01,6.1828E-01,1.6924E+01,2.7580E+00,1.0590E-02,1.5092E-02,3.7144E-02,-1.1344E-02,3.8105E-02,4.2930E-02,0.0000E+00,4.0000E+00,7.3596E-02,-4.1961E-05,2.4124E-04,8.4366E-05
43,5.0300E+02,7.8800E+02,-1.2037E-01,6.2993E-01,1.6924E+01,2.7580E+00,1.0590E-02,9.0588E-03,4.0775E-02,5.8838E-02,3.4285E-02,5.0109E-02,0.0000E+00,4.0000E+00,6.6219E-02,5.7349E-05,1.8865E-04,2.7942E-05
44,5.0300E+02,7.8800E+02,-1.2490E-01,6.6361E-01,1.6924E+01,2.7580E+00,1.0590E-02,1.2335E-02,3.9399E-02,2.0439E-02,3.1723E-02,4.6131E-02,0.0000E+00,4.0000E+00,6.1270E-02,2.4559E-05,3.8524E-06,1.0943E-04
45,5.0300E+02,7.8800E+02,-1.2956E-01,6.2344E-01,1.6924E+01,2.7580E+00,1.0590E-02,1.1085E-02,4.0346E-02,4.4584E-02,3.3642E-02,4.9420E-02,0.0000E+00,4.0000E+00,6.4977E-02,1.0150E-04,1.6005E-04,1.0171E-04
46,5.0300E+02,7.8800E+02,-6.0720E-02,6.3513E-01,1.6924E+01,2.7580E+00,1.0590E-02,6.8920E-03,3.6524E-02,-3.1690E-03,4.0223E-02,4.0198E-02,0.0000E+00,4.0000E+00,7.7687E-02,3.6289E-05,1.9616E-05,-4.2932E-05
47,5.0300E+02,7.8800E+02,-1.4000E-01,6.0850E-01,1.6924E+01,2.7580E+00,1.0590E-02,1.5735E-02,3.6896E-02,-4.1348E-03,3.6621E-02,3.5921E-02,0.0000E+00,4.0000E+00,7.0729E-02,-1.5174E-05,-5.7186E-05,4.1020E-05
48,5.0300E+02,7.8800E+02,-1.1200E-01,6.0887E-01,1.6924E+01,2.7580E+00,1.0590E-02,1.1550E-02,3.7545E-02,1.0876E-02,2.9841E-02,4.6854E-02,0.0000E+00,4.0000E+00,5.7635E-02,2.8815E-05,6.5864E-05,9.6227E-05
49,5.0300E+02,7.8800E+02,-1.0937E-01,7.0848E-01,1.6924E+01,2.7580E+00,1.0590E-02,1.0723E-02,4.1501E-02,1.8883E-02,2.9047E-02,4.2464E-02,0.0000E+00,4.0000E+00,5.6101E-02,-7.5472E-06,8.7000E-05,1.5049E-04
50,5.0300E+02,7.8800E+02,-1.2070E-01,6.1407E-01,1.6924E+01,2.7580E+00,1.0590E-02,1.2673E-02,3.7849E-02,8.6703E-03,3.1742E-02,4.5978E-02,0.0000E+00,4.0000E+00,6.1306E-02,-1.0210E-04,-8.1408E-05,5.8336E-05
51,5.0300E+02,7.8800E+02,-1.5396E-01,6.2524E-01,1.6924E+01,2.7580E+00,1.0590E-02,1.5511E-02,3.7543E-02,2.1165E-02,2.9255E-02,4.4119E-02,0.0000E+00,4.0000E+00,5.6503E-02,6.1733E-06,4.0546E-05,3.7585E-05
52,5.0300E+02,7.8800E+02,-1.4692E-01,6.4730E-01,1.6924E+01,2.7580E+00,1.0590E-02,1.6960E-02,3.8232E-02,-1.0405E-02,3.3293E-02,4.0837E-02,0.0000E+00,4.0000E+00,6.4301E-02,1.4383E-04,4.8088E-05,1.7214E-05
53,5.0300E+02,7.8800E+02,-1.3747E-01,6.7434E-01,1.6924E+01,2.7580E+00,1.0590E-02,1.5347E-02,3.5614E-02,-1.0906E-03,3.5940E-02,4.9144E-02,0.0000E+00,4.0000E+00,6.9414E-02,-8.4703E-05,-3.5864E-05,1.6433E-05
54,5.0300E+02,7.8800E+02,-1.3481E-01,6.7239E-01,1.6924E+01,2.7580E+00,1.0590E-02,1.4635E-02,3.9036E-02,3.6745E-03,3.9372E-02,4.8374E-02,0.0000E+00,4.0000E+00,7.6044E-02,4.4984E-07,-4.4950E-05,5.8090E-05
55,5.0300E+02,7.8800E+02,-1.4659E-01,6.4150E-01,1.6924E+01,2.7580E+00,1.0590E-02,1.6590E-02,3.5042E-02,-4.7159E-03,2.8659E-02,4.9730E-02,0.0000E+00,4.0000E+00,5.5353E-02,1.3996E-05,8.0080E-05,1.2486E-04
56,5.0300E+02,7.8800E+02,-3.7424E-02,6.5575E-01,1.6924E+01,2.7580E+00,1.0590E-02,6.6467E-03,3.3485E-02,-3.5172E-02,2.9964E-02,3.8877E-02,0.0000E+00,4.0000E+00,5.7873E-02,-3.1224E-05,-7.7624E-05,6.7432E-05
57,5.0300E+02,7.8800E+02,-4.1855E-02,6.2082E-01,1.6924E+01,2.7580E+00,1.0590E-02,8.4198E-03,3.3662E-02,-5.4018E-02,3.5411E-02,4.7440E-02,0.0000E+00,4.0000E+00,6.8392E-02,6.0762E-06,-5.7601E-05,4.0173E-05
58,5.0300E+02,7.8800E+02,-9.8201E-02,6.5466E-01,1.6924E+01,2.7580E+00,1.0590E-02,1.1816E-02,3.7125E-02,-1.3799E-02,3.3387E-02,3.9647E-02,0.0000E+00,4.0000E+00,6.4484E-02,-3.0018E-05,1.3588E-04,5.9183E-05
59,5.0300E+02,7.8800E+02,-1.9463E-01,6.5573E-01,1.6924E+01,2.7580E+00,1.0590E-02,2.1234E-02,3.9315E-02,4.0251E-03,3.7169E-02,4.3542E-02,0.0000E+00,4.0000E+00,7.1789E-02,-4.9969E-05,-3.1598E-06,1.2334E-04
60,5.0300E+02,7.8800E+02,-8.1408E-02,6.4838E-01,1.6924E+01,2.7580E+00,1.0590E-02,1.2543E-02,3.3745E-02,-4.9681E-02,3.9108E-02,4.2694E-02,0.0000E+00,4.0000E+00,7.5532E-02,2.8817E-06,-5.7161E-05,5.7683E-05
61,5.0300E+02,7.8800E+02,-9.9359E-02,6.5183E-01,1.6924E+01,2.7580E+00,1.0590E-02,1.4927E-02,3.2219E-02,-5.4643E-02,3.3803E-02,4.0705E-02,0.0000E+00,4.0000E+00,6.5287E-02,-1.5697E-05,8.6133E-06,5.0683E-05
62,5.0300E+02,7.8800E+02,-1.4079E-01,6.8737E-01,1.6924E+01,2.7580E+00,1.0590E-02,1.7276E-02,3.7084E-02,-2.3539E-02,2.7818E-02,4.1117E-02,0.0000E+00,4.0000E+00,5.3727E-02,-5.2032E-05,2.2826E-05,3.8661E-05
63,5.0300E+02,7.8800E+02,-1.3546E-01,6.3842E-01,1.6924E+01,2.7580E+00,1.0590E-02,1.6422E-02,3.8995E-02,-2.1249E-02,3.0513E-02,5.5227E-02,0.0000E+00,4.0000E+00,5.8932E-02,1.5192E-05,-6.8381E-05,7.2054E-05
