FRAME,COORDINATE_X,COORDINATE_Y,DISPLACEMENT_X,DISPLACEMENT_Y,MODEL_COORDINATES_X,MODEL_COORDINATES_Y,MODEL_COORDINATES_Z,MODEL_DISPLACEMENT_X,MODEL_DISPLACEMENT_Y,MODEL_DISPLACEMENT_Z,SIGMA,GAMMA,BETA,STATUS_FLAG,UNCERTAINTY,VSG_STRAIN_XX,VSG_STRAIN_YY,VSG_STRAIN_XY
0,3.5300E+02,5.1800E+02,-7.7177E-03,-1.4321E-02,3.3796E+01,-1.2636E+01,8.3902E-03,4.7540E-03,1.6629E-04,-3.8529E-02,5.4640E-02,1.7422E-01,0.0000E+00,4.0000E+00,5.3143E-02,-2.6376E-04,-3.9411E-04,7.2664E-05
1,3.5300E+02,5.1800E+02,-9.1104E-02,1.6183E-01,3.3796E+01,-1.2636E+01,8.3902E-03,6.8630E-03,1.7044E-02,3.0576E-02,6.5643E-02,1.8461E-01,0.0000E+00,4.0000E+00,6.3844E-02,-1.7086E-04,-5.3265E-04,-1.0199E-04
2,3.5300E+02,5.1800E+02,-9.0125E-02,4.2792E-01,3.3796E+01,-1.2636E+01,8.3902E-03,9.8852E-03,1.9983E-02,2.3595E-03,5.0039E-02,1.5342E-01,0.0000E+00,4.0000E+00,4.8669E-02,-3.3028E-04,-5.1855E-04,6.3558E-05
3,3.5300E+02,5.1800E+02,-1.0679E-01,2.0269E-01,3.3796E+01,-1.2636E+01,8.3902E-03,6.5828E-03,2.2919E-02,4.9529E-02,4.1534E-02,1.4150E-01,0.0000E+00,4.0000E+00,4.0396E-02,-1.6305E-04,-2.7138E-04,-2.0480E-04
4,3.5300E+02,5.1800E+02,-9.4447E-02,2.2716E-01,3.3796E+01,-1.2636E+01,8.3902E-03,5.1599E-03,1.7665E-02,5.1772E-02,5.0715E-02,1.2560E-01,0.0000E+00,4.0000E+00,4.9326E-02,1.3710E-05,-5.5876E-05,-5.7777E-06
5,3.5300E+02,5.1800E+02,-1.1752E-01,2.3267E-01,3.3796E+01,-1.2636E+01,8.3902E-03,8.3338E-03,1.9442E-02,4.5660E-02,4.9683E-02,1.3184E-01,0.0000E+00,4.0000E+00,4.8322E-02,-1.4877E-04,-2.2506E-04,4.2180E-08
6,3.5300E+02,5.1800E+02,-1.4169E-01,3.5986E-01,3.3796E+01,-1.2636E+01,8.3902E-03,1.1156E-02,2.2846E-02,4.5378E-02,4.3975E-02,1.1383E-01,0.0000E+00,4.0000E+00,4.2770E-02,-2.2285E-04,-4.5054E-04,9.5960E-06
7,3.5300E+02,5.1800E+02,-1.6912E-01,3.5140E-01,3.3796E+01,-1.2636E+01,8.3902E-03,1.0094E-02,3.0503E-02,8.3861E-02,6.5981E-02,1.2257E-01,0.0000E+00,4.0000E+00,6.4173E-02,-2.7298E-04,-4.3538E-04,-3.3625E-04
8,3.5300E+02,5.1800E+02,-1.3346E-01,4.7581E-01,3.3796E+01,-1.2636E+01,8.3902E-03,1.3463E-02,2.4942E-02,1.4387E-02,5.5353E-02,1.5585E-01,0.0000E+00,4.0000E+00,5.3837E-02,-5.5198E-04,-8.0231E-04,8.7650E-05
9,3.5300E+02,5.1800E+02,-1.5892E-01,5.3313E-01,3.3796E+01,-1.2636E+01,8.3902E-03,1.0297E-02,2.9870E-02,7.3226E-02,5.8376E-02,1.5089E-01,0.0000E+00,4.0000E+00,5.6777E-02,-2.7190E-04,-5.3167E-04,-4.5822E-05
10,3.5300E+02,5.1800E+02,-1.2118E-01,4.8433E-01,3.3796E+01,-1.2636E+01,8.3902E-03,8.5547E-03,2.8775E-02,4.8068E-02,4.3299E-02,1.3696E-01,0.0000E+00,4.0000E+00,4.2113E-02,-1.6074E-04,-5.8105E-04,1.3592E-04
11,3.5300E+02,5.1800E+02,-9.5166E-02,3.1156E-01,3.3796E+01,-1.2636E+01,8.3902E-03,8.7670E-03,1.8570E-02,1.7853E-02,4.8068E-02,1.5389E-01,0.0000E+00,4.0000E+00,4.6751E-02,-3.8684E-04,3.7261E-05,1.8910E-05
12,3.5300E+02,5.1800E+02,-5.8623E-02,3.0385E-01,3.3796E+01,-1.2636E+01,8.3902E-03,4.4405E-03,2.2358E-02,1.8595E-02,6.0254E-02,1.3726E-01,0.0000E+00,4.0000E+00,5.8603E-02,-1.3072E-04,-1.8870E-04,4.4088E-06
13,3.5300E+02,5.1800E+02,-1.1049E-01,3.1700E-01,3.3796E+01,-1.2636E+01,8.3902E-03,9.1174E-03,2.6123E-02,2.9185E-02,6.5718E-02,1.8155E-01,0.0000E+00,4.0000E+00,6.3918E-02,-3.3420E-04,-5.9886E-04,6.6816E-05
14,3.5300E+02,5.1800E+02,-7.7762E-02,4.5400E-01,3.3796E+01,-1.2636E+01,8.3902E-03,3.9203E-03,2.7648E-02,4.5407E-02,5.3213E-02,1.3448E-01,0.0000E+00,4.0000E+00,5.1755E-02,-1.2222E-04,-6.5778E-04,6.7883E-05
15,3.5300E+02,5.1800E+02,-7.5565E-02,4.3763E-01,3.3796E+01,-1.2636E+01,8.3902E-03,6.5718E-03,2.4313E-02,1.7619E-02,5.3025E-02,1.2299E-01,0.0000E+00,4.0000E+00,5.1572E-02,1.0338E-06,1.7301E-04,6.3925E-05
16,3.5300E+02,5.1800E+02,-1.2007E-01,3.8604E-01,3.3796E+01,-1.2636E+01,8.3902E-03,6.7286E-03,3.4563E-02,6.1713E-02,4.2116E-02,1.4980E-01,0.0000E+00,4.0000E+00,4.0962E-02,-2.2489E-04,-3.5205E-04,-1.2437E-04
17,3.5300E+02,5.1800E+02,-1.0485E-01,3.7035E-01,3.3796E+01,-1.2636E+01,8.3902E-03,3.5348E-03,2.9029E-02,7.7773E-02,6.6525E-02,1.3790E-01,0.0000E+00,4.0000E+00,6.4703E-02,-3.0365E-04,-3.3319E-04,1.7221E-04
18,3.5300E+02,5.1800E+02,-5.3855E-01,-3.1659E-01,3.3796E+01,-1.2636E+01,8.3902E-03,1.1805E-02,3.6971E-02,4.6657E-01,5.4733E-02,1.4177E-01,0.0000E+00,4.0000E+00,5.3234E-02,-4.9682E-04,-1.0365E-04,1.5244E-04
19,3.5300E+02,5.1800E+02,-1.6263E+00,-2.5150E+00,3.3796E+01,-1.2636E+01,8.3902E-03,2.4439E-02,4.8845E-02,1.5145E+00,4.8312E-02,1.4115E-01,0.0000E+00,4.0000E+00,4.6989E-02,-5.2563E-04,-3.2973E-04,2.7552E-04
20,3.5300E+02,5.1800E+02,-2.6294E+00,-4.0900E+00,3.3796E+01,-1.2636E+01,8.3902E-03,4.3322E-02,8.4680E-02,2.4043E+00,4.5815E-02,1.6178E-01,0.0000E+00,4.0000E+00,4.4560E-02,-8.5401E-04,-1.5364E-03,-2.8388E-04
21,3.5300E+02,5.1800E+02,-3.3847E+00,-5.6504E+00,3.3796E+01,-1.2636E+01,8.3902E-03,4.9397E-02,8.7051E-02,3.1541E+00,5.9071E-02,1.4184E-01,0.0000E+00,4.0000E+00,5.7453E-02,-9.2225E-04,-1.2447E-03,1.2145E-05
22,3.5300E+02,5.1800E+02,-4.3089E+00,-7.5238E+00,3.3796E+01,-1.2636E+01,8.3902E-03,5.5667E-02,9.9263E-02,4.0776E+00,5.8658E-02,1.5083E-01,0.0000E+00,4.0000E+00,5.7051E-02,-7.8425E-04,-1.4283E-03,1.0471E-04
23,3.5300E+02,5.1800E+02,-5.3657E+00,-9.1086E+00,3.3796E+01,-1.2636E+01,8.3902E-03,7.7198E-02,1.2628E-01,4.9925E+00,7.3660E-02,1.7390E-01,0.0000E+00,4.0000E+00,7.1642E-02,-1.3293E-03,-1.5284E-03,-3.4987E-04
24,3.5300E+02,5.1800E+02,-6.4327E+00,-1.0793E+01,3.3796E+01,-1.2636E+01,8.3902E-03,1.0217E-01,1.4400E-01,5.8826E+00,6.2113E-02,1.6274E-01,0.0000E+00,4.0000E+00,6.0411E-02,-1.4286E-03,-1.6037E-03,-5.8382E-04
25,3.5300E+02,5.1800E+02,-7.3543E+00,-1.2654E+01,3.3796E+01,-1.2636E+01,8.3902E-03,1.0984E-01,1.5857E-01,6.7785E+00,5.8620E-02,1.8679E-01,0.0000E+00,4.0000E+00,5.7014E-02,-1.3291E-03,-1.8872E-03,-2.0778E-04
26,3.5300E+02,5.1800E+02,-8.1921E+00,-1.4362E+01,3.3796E+01,-1.2636E+01,8.3902E-03,1.1406E-01,1.6616E-01,7.6181E+00,6.6168E-02,1.8285E-01,0.0000E+00,4.0000E+00,6.4356E-02,-1.3427E-03,-9.0787E-04,-2.7922E-04
27,3.5300E+02,5.1800E+02,-9.0844E+00,-1.6049E+01,3.3796E+01,-1.2636E+01,8.3902E-03,1.1752E-01,1.8582E-01,8.5174E+00,6.0535E-02,1.6021E-01,0.0000E+00,4.0000E+00,5.8877E-02,-1.7315E-03,-9.6393E-04,-4.3722E-04
28,3.5300E+02,5.1800E+02,-1.0215E+01,-1.7699E+01,3.3796E+01,-1.2636E+01,8.3902E-03,1.4809E-01,2.0511E-01,9.4069E+00,6.1249E-02,1.5187E-01,0.0000E+00,4.0000E+00,5.9571E-02,-1.4867E-03,-1.0394E-03,-7.0766E-04
29,3.5300E+02,5.1800E+02,-1.1226E+01,-1.9733E+01,3.3796E+01,-1.2636E+01,8.3902E-03,1.5282E-01,2.2567E-01,1.0410E+01,6.5549E-02,1.5079E-01,0.0000E+00,4.0000E+00,6.3753E-02,-1.1982E-03,-1.4309E-03,-7.6356E-04
30,3.5300E+02,5.1800E+02,-1.0856E+01,-1.8825E+01,3.3796E+01,-1.2636E+01,8.3902E-03,1.6171E-01,2.1573E-01,9.9440E+00,5.6536E-02,1.6988E-01,0.0000E+00,4.0000E+00,5.4987E-02,-1.3558E-03,-9.8325E-04,-7.8665E-04
31,3.5300E+02,5.1800E+02,-9.9248E+00,-1.7226E+01,3.3796E+01,-1.2636E+01,8.3902E-03,1.4599E-01,2.0187E-01,9.1240E+00,6.5981E-02,1.6002E-01,0.0000E+00,4.0000E+00,6.4173E-02,-1.6361E-03,-1.1446E-03,-7.9048E-04
32,3.5300E+02,5.1800E+02,-8.9336E+00,-1.5453E+01,3.3796E+01,-1.2636E+01,8.3902E-03,1.3868E-01,1.8311E-01,8.1591E+00,6.2432E-02,1.4914E-01,0.0000E+00,4.0000E+00,6.0722E-02,-1.6684E-03,-8.3943E-04,-9.0154E-04
33,3.5300E+02,5.1800E+02,-7.8211E+00,-1.3372E+01,3.3796E+01,-1.2636E+01,8.3902E-03,1.1835E-01,1.7116E-01,7.1874E+00,6.7952E-02,2.0657E-01,0.0000E+00,4.0000E+00,6.6091E-02,-1.4386E-03,-1.9453E-03,-7.1757E-05
34,3.5300E+02,5.1800E+02,-6.7414E+00,-1.1304E+01,3.3796E+01,-1.2636E+01,8.3902E-03,1.0558E-01,1.5270E-01,6.1752E+00,7.0130E-02,1.8863E-01,0.0000E+00,4.0000E+00,6.8209E-02,-1.3750E-03,-1.3449E-03,-4.7656E-04
35,3.5300E+02,5.1800E+02,-5.6199E+00,-9.3954E+00,3.3796E+01,-1.2636E+01,8.3902E-03,8.0988E-02,1.3435E-01,5.2262E+00,5.9747E-02,1.7382E-01,0.0000E+00,4.0000E+00,5.8110E-02,-1.3071E-03,-1.4053E-03,-2.4482E-04
36,3.5300E+02,5.1800E+02,-4.7321E+00,-7.9323E+00,3.3796E+01,-1.2636E+01,8.3902E-03,7.1398E-02,1.1272E-01,4.3771E+00,5.7024E-02,1.7543E-01,0.0000E+00,4.0000E+00,5.5462E-02,-1.2289E-03,-1.3417E-03,-1.1610E-04
37,3.5300E+02,5.1800E+02,-3.8871E+00,-6.2966E+00,3.3796E+01,-1.2636E+01,8.3902E-03,6.3075E-02,1.0429E-01,3.5577E+00,4.7242E-02,1.6662E-01,0.0000E+00,4.0000E+00,4.5948E-02,-1.1033E-03,-1.5497E-03,-1.8026E-04
38,3.5300E+02,5.1800E+02,-2.8337E+00,-4.2423E+00,3.3796E+01,-1.2636E+01,8.3902E-03,4.6149E-02,9.3848E-02,2.5966E+00,6.4441E-02,1.7623E-01,0.0000E+00,4.0000E+00,6.2676E-02,-9.9696E-04,-1.1795E-03,-3.3062E-04
39,3.5300E+02,5.1800E+02,-1.7694E+00,-2.5833E+00,3.3796E+01,-1.2636E+01,8.3902E-03,2.6820E-02,6.7154E-02,1.6427E+00,6.6450E-02,1.3505E-01,0.0000E+00,4.0000E+00,6.4630E-02,-6.0352E-04,-3.3373E-04,-4.1992E-05
40,3.5300E+02,5.1800E+02,-7.6300E-01,-5.1858E-01,3.3796E+01,-1.2636E+01,8.3902E-03,2.3329E-02,5.2494E-02,5.9472E-01,4.8669E-02,1.4741E-01,0.0000E+00,4.0000E+00,4.7336E-02,-4.5943E-04,-4.8510E-04,-3.6562E-06
41,3.5300E+02,5.1800E+02,-1.2999E-01,7.6831E-01,3.3796E+01,-1.2636E+01,8.3902E-03,1.1707E-02,4.2515E-02,2.6344E-02,5.5879E-02,1.4523E-01,0.0000E+00,4.0000E+00,5.4348E-02,-4.0869E-04,-7.0727E-04,1.3287E-04
42,3.5300E+02,5.1800E+02,-1.1201E-01,8.4369E-01,3.3796E+01,-1.2636E+01,8.3902E-03,9.3811E-03,5.1322E-02,2.7550E-02,4.2510E-02,1.5339E-01,0.0000E+00,4.0000E+00,4.1346E-02,-2.9640E-04,-6.3422E-04,-3.4870E-05
43,3.5300E+02,5.1800E+02,-1.1126E-01,7.6463E-01,3.3796E+01,-1.2636E+01,8.3902E-03,1.2638E-02,5.0876E-02,-6.2926E-03,4.1327E-02,1.3686E-01,0.0000E+00,4.0000E+00,4.0195E-02,-1.6674E-04,-4.6119E-04,-1.4143E-04
44,3.5300E+02,5.1800E+02,-6.9104E-02,7.4389E-01,3.3796E+01,-1.2636E+01,8.3902E-03,1.0604E-02,3.9304E-02,-2.9860E-02,5.4790E-02,1.6951E-01,0.0000E+00,4.0000E+00,5.3289E-02,-2.9998E-04,-3.4403E-04,1.1720E-04
45,3.5300E+02,5.1800E+02,-1.5027E-01,8.9900E-01,3.3796E+01,-1.2636E+01,8.3902E-03,1.6809E-02,5.1015E-02,-2.2960E-03,6.3709E-02,1.5928E-01,0.0000E+00,4.0000E+00,6.1963E-02,-3.1831E-04,-7.1108E-04,-2.4728E-04
46,3.5300E+02,5.1800E+02,-7.0599E-02,6.9568E-01,3.3796E+01,-1.2636E+01,8.3902E-03,1.2193E-02,3.3954E-02,-4.2860E-02,5.5597E-02,1.5331E-01,0.0000E+00,4.0000E+00,5.4074E-02,-3.4353E-04,1.2868E-04,1.7313E-04
47,3.5300E+02,5.1800E+02,-1.5531E-01,8.9663E-01,3.3796E+01,-1.2636E+01,8.3902E-03,1.3585E-02,5.2359E-02,3.4660E-02,5.7118E-02,1.7031E-01,0.0000E+00,4.0000E+00,5.5553E-02,-1.2656E-04,-1.4700E-04,-4.3145E-04
48,3.5300E+02,5.1800E+02,-8.8676E-02,8.8386E-01,3.3796E+01,-1.2636E+01,8.3902E-03,8.9506E-03,4.9094E-02,7.0723E-03,5.5804E-02,1.4299E-01,0.0000E+00,4.0000E+00,5.4275E-02,-2.3954E-04,-6.7738E-04,-6.7978E-05
49,3.5300E+02,5.1800E+02,-1.3499E-01,7.9199E-01,3.3796E+01,-1.2636E+01,8.3902E-03,1.2560E-02,4.9181E-02,2.1736E-02,5.9878E-02,1.4069E-01,0.0000E+00,4.0000E+00,5.8238E-02,-3.6437E-04,-3.6384E-04,-1.2404E-04
50,3.5300E+02,5.1800E+02,-1.4223E-01,8.4118E-01,3.3796E+01,-1.2636E+01,8.3902E-03,1.3498E-02,5.0884E-02,2.0659E-02,5.2875E-02,1.4105E-01,0.0000E+00,4.0000E+00,5.1426E-02,-3.2519E-04,-1.6293E-04,-1.7201E-04
51,3.5300E+02,5.1800E+02,-1.5344E-01,8.2741E-01,3.3796E+01,-1.2636E+01,8.3902E-03,1.3412E-02,5.0045E-02,3.4068E-02,5.7869E-02,1.4528E-01,0.0000E+00,4.0000E+00,5.6284E-02,-2.6276E-04,-4.3089E-04,-4.3124E-05
52,3.5300E+02,5.1800E+02,-1.3647E-01,7.5578E-01,3.3796E+01,-1.2636E+01,8.3902E-03,1.5696E-02,4.0449E-02,-5.3284E-03,5.1617E-02,1.4672E-01,0.0000E+00,4.0000E+00,5.0203E-02,-4.8966E-07,-2.3169E-04,-3.8009E-05
53,3.5300E+02,5.1800E+02,-1.2904E-01,9.4974E-01,3.3796E+01,-1.2636E+01,8.3902E-03,1.0705E-02,5.4928E-02,3.3759E-02,5.4902E-02,1.6138E-01,0.0000E+00,4.0000E+00,5.3399E-02,-3.3313E-04,-9.2071E-04,-9.5001E-06
54,3.5300E+02,5.1800E+02,-1.0041E-01,5.8559E-01,3.3796E+01,-1.2636E+01,8.3902E-03,1.5329E-02,3.7753E-02,-4.3216E-02,5.0377E-02,1.3925E-01,0.0000E+00,4.0000E+00,4.8997E-02,-3.1293E-04,-6.8232E-05,-5.3131E-05
55,3.5300E+02,5.1800E+02,-1.6413E-01,8.6246E-01,3.3796E+01,-1.2636E+01,8.3902E-03,1.6242E-02,4.6990E-02,1.9476E-02,5.1241E-02,1.4552E-01,0.0000E+00,4.0000E+00,4.9837E-02,-2.0487E-04,-3.7316E-04,-2.1544E-04
56,3.5300E+02,5.1800E+02,-1.4140E-01,8.7847E-01,3.3796E+01,-1.2636E+01,8.3902E-03,1.3634E-02,4.5711E-02,2.0550E-02,4.2435E-02,1.3765E-01,0.0000E+00,4.0000E+00,4.1272E-02,-3.3633E-04,-5.9511E-04,-1.6971E-04
57,3.5300E+02,5.1800E+02,-1.0124E-01,8.7656E-01,3.3796E+01,-1.2636E+01,8.3902E-03,1.2303E-02,4.5789E-02,-1.1075E-02,4.4275E-02,1.6529E-01,0.0000E+00,4.0000E+00,4.3062E-02,-1.7102E-04,-4.3471E-04,-8.0586E-06
58,3.5300E+02,5.1800E+02,-2.0919E-01,8.4176E-01,3.3796E+01,-1.2636E+01,8.3902E-03,1.8933E-02,4.6716E-02,4.2880E-02,4.7730E-02,1.5514E-01,0.0000E+00,4.0000E+00,4.6422E-02,-3.3692E-04,-9.2333E-05,-4.6095E-04
59,3.5300E+02,5.1800E+02,-1.3282E-01,8.5513E-01,3.3796E+01,-1.2636E+01,8.3902E-03,1.8303E-02,4.7953E-02,-3.6077E-02,5.8451E-02,1.8566E-01,0.0000E+00,4.0000E+00,5.6850E-02,-1.1206E-04,-2.1886E-04,-2.6061E-04
60,3.5300E+02,5.1800E+02,-1.3171E-01,7.4749E-01,3.3796E+01,-1.2636E+01,8.3902E-03,1.4603E-02,4.5040E-02,-1.3769E-03,5.2649E-02,1.4659E-01,0.0000E+00,4.0000E+00,5.1207E-02,-6.1368E-05,-4.9935E-04,4.8558E-05
61,3.5300E+02,5.1800E+02,-1.0768E-01,8.4581E-01,3.3796E+01,-1.2636E+01,8.3902E-03,1.2960E-02,4.1671E-02,-9.5299E-03,4.1872E-02,1.2865E-01,0.0000E+00,4.0000E+00,4.0725E-02,-5.5352E-05,-3.8882E-06,-1.3814E-04
62,3.5300E+02,5.1800E+02,-1.5412E-01,8.1393E-01,3.3796E+01,-1.2636E+01,8.3902E-03,1.9287E-02,4.8472E-02,-2.2800E-02,5.3325E-02,1.5435E-01,0.0000E+00,4.0000E+00,5.1865E-02,-2.9760E-04,-3.8528E-04,-2.4645E-04
63,3.5300E+02,5.1800E+02,-1.0943E-01,7.7249E-01,3.3796E+01,-1.2636E+01,8.3902E-03,1.7320E-02,4.1934E-02,-5.1655E-02,4.0163E-02,1.4332E-01,0.0000E+00,4.0000E+00,3.9063E-02,-3.8086E-04,-1.8783E-04,1.9860E-04
