FRAME,COORDINATE_X,COORDINATE_Y,DISPLACEMENT_X,DISPLACEMENT_Y,MODEL_COORDINATES_X,MODEL_COORDINATES_Y,MODEL_COORDINATES_Z,MODEL_DISPLACEMENT_X,MODEL_DISPLACEMENT_Y,MODEL_DISPLACEMENT_Z,SIGMA,GAMMA,BETA,STATUS_FLAG,UNCERTAINTY,VSG_STRAIN_XX,VSG_STRAIN_YY,VSG_STRAIN_XY
0,4.5800E+02,7.7300E+02,1.8781E-02,2.1027E-02,2.1944E+01,1.8898E+00,-7.8045E-02,-2.5551E-03,1.6270E-03,5.5785E-03,5.1817E-02,4.6882E-02,0.0000E+00,4.0000E+00,8.3933E-02,7.7931E-05,1.8627E-04,3.5977E-05
1,4.5800E+02,7.7300E+02,-6.3009E-02,2.4207E-01,2.1944E+01,1.8898E+00,-7.8045E-02,4.7148E-03,1.5290E-02,2.7891E-02,5.1344E-02,5.0372E-02,0.0000E+00,4.0000E+00,8.3166E-02,5.5849E-05,2.1444E-04,-8.3419E-06
2,4.5800E+02,7.7300E+02,-5.7571E-02,1.7418E-01,2.1944E+01,1.8898E+00,-7.8045E-02,8.5487E-04,1.9911E-02,6.6067E-02,5.7973E-02,5.0412E-02,0.0000E+00,4.0000E+00,9.3904E-02,1.1427E-04,3.5668E-04,5.8811E-05
3,4.5800E+02,7.7300E+02,-7.1731E-02,2.8434E-01,2.1944E+01,1.8898E+00,-7.8045E-02,5.6979E-03,1.9013E-02,2.7205E-02,4.8446E-02,4.5870E-02,0.0000E+00,4.0000E+00,7.8472E-02,1.2266E-04,1.3295E-04,1.5849E-04
4,4.5800E+02,7.7300E+02,-6.9050E-02,3.5366E-01,2.1944E+01,1.8898E+00,-7.8045E-02,3.7404E-03,2.5544E-02,4.6973E-02,5.5256E-02,3.6865E-02,0.0000E+00,4.0000E+00,8.9503E-02,6.1922E-05,3.9065E-04,1.4132E-04
5,4.5800E+02,7.7300E+02,-3.7395E-02,3.1279E-01,2.1944E+01,1.8898E+00,-7.8045E-02,3.6407E-03,1.6444E-02,6.2912E-03,4.4996E-02,4.7721E-02,0.0000E+00,4.0000E+00,7.2884E-02,5.7444E-05,1.6319E-04,-4.5821E-05
6,4.5800E+02,7.7300E+02,-4.8233E-02,3.4560E-01,2.1944E+01,1.8898E+00,-7.8045E-02,-2.3275E-04,2.4109E-02,6.8059E-02,5.1795E-02,4.0377E-02,0.0000E+00,4.0000E+00,8.3896E-02,9.3362E-06,1.6500E-04,7.4357E-05
7,4.5800E+02,7.7300E+02,-8.5492E-02,2.2117E-01,2.1944E+01,1.8898E+00,-7.8045E-02,4.5779E-03,2.4640E-02,5.7629E-02,5.3993E-02,5.7085E-02,0.0000E+00,4.0000E+00,8.7457E-02,2.4207E-04,3.6074E-04,1.8390E-04
8,4.5800E+02,7.7300E+02,-8.3120E-02,4.4522E-01,2.1944E+01,1.8898E+00,-7.8045E-02,1.2896E-03,3.3775E-02,9.6179E-02,3.7871E-02,3.8024E-02,0.0000E+00,4.0000E+00,6.1343E-02,5.4296E-05,4.9066E-05,5.0649E-05
9,4.5800E+02,7.7300E+02,-9.1990E-02,2.9118E-01,2.1944E+01,1.8898E+00,-7.8045E-02,6.7193E-03,2.0920E-02,4.2220E-02,5.4286E-02,3.9919E-02,0.0000E+00,4.0000E+00,8.7932E-02,6.5758E-05,2.5325E-04,1.2384E-04
10,4.5800E+02,7.7300E+02,-1.1593E-01,4.5743E-01,2.1944E+01,1.8898E+00,-7.8045E-02,8.0216E-03,3.1397E-02,5.8606E-02,5.5211E-02,4.5676E-02,0.0000E+00,4.0000E+00,8.9430E-02,4.4895E-05,4.3675E-05,2.6169E-05
11,4.5800E+02,7.7300E+02,-9.6105E-02,3.2599E-01,2.1944E+01,1.8898E+00,-7.8045E-02,5.2749E-03,2.7445E-02,6.4495E-02,5.5199E-02,4.3443E-02,0.0000E+00,4.0000E+00,8.9412E-02,1.0723E-05,1.4187E-06,1.1647E-04
12,4.5800E+02,7.7300E+02,-6.9602E-02,3.2944E-01,2.1944E+01,1.8898E+00,-7.8045E-02,9.5317E-04,3.0990E-02,8.0517E-02,4.6507E-02,4.8976E-02,0.0000E+00,4.0000E+00,7.5331E-02,1.8493E-05,1.4670E-04,3.7228E-05
13,4.5800E+02,7.7300E+02,-5.5284E-02,3.2988E-01,2.1944E+01,1.8898E+00,-7.8045E-02,2.7792E-03,2.3283E-02,4.0132E-02,5.9518E-02,4.9403E-02,0.0000E+00,4.0000E+00,9.6406E-02,5.9094E-05,2.2532E-04,-6.2577E-05
14,4.5800E+02,7.7300E+02,-1.2353E-01,4.5192E-01,2.1944E+01,1.8898E+00,-7.8045E-02,6.1049E-03,3.4759E-02,9.2080E-02,5.5425E-02,5.4932E-02,0.0000E+00,4.0000E+00,8.9777E-02,1.9905E-04,1.8640E-04,1.4415E-04
15,4.5800E+02,7.7300E+02,-4.9738E-02,4.0625E-01,2.1944E+01,1.8898E+00,-7.8045E-02,6.7079E-04,3.1370E-02,5.7381E-02,5.2347E-02,4.5864E-02,0.0000E+00,4.0000E+00,8.4791E-02,4.6563E-05,-1.9011E-05,-7.5530E-06
16,4.5800E+02,7.7300E+02,-5.4625E-02,4.0372E-01,2.1944E+01,1.8898E+00,-7.8045E-02,1.0760E-04,3.2877E-02,7.0746E-02,4.9337E-02,5.0711E-02,0.0000E+00,4.0000E+00,7.9915E-02,7.7151E-05,1.6913E-04,-5.7500E-05
17,4.5800E+02,7.7300E+02,-9.0709E-02,3.7713E-01,2.1944E+01,1.8898E+00,-7.8045E-02,3.8926E-03,3.1625E-02,7.3733E-02,5.1535E-02,5.4782E-02,0.0000E+00,4.0000E+00,8.3476E-02,2.8037E-05,1.4802E-04,8.6782E-05
18,4.5800E+02,7.7300E+02,-5.2111E-01,-2.2904E-01,2.1944E+01,1.8898E+00,-7.8045E-02,1.4117E-02,4.2969E-02,5.3360E-01,4.4207E-02,3.7416E-02,0.0000E+00,4.0000E+00,7.1606E-02,5.0698E-05,2.9353E-04,4.7108E-05
19,4.5800E+02,7.7300E+02,-1.3485E+00,-1.7555E+00,2.1944E+01,1.8898E+00,-7.8045E-02,1.7931E-02,6.1475E-02,1.6081E+00,4.6744E-02,4.6455E-02,0.0000E+00,4.0000E+00,7.5715E-02,-5.7272E-05,3.0373E-04,2.2048E-04
20,4.5800E+02,7.7300E+02,-1.9419E+00,-2.9380E+00,2.1944E+01,1.8898E+00,-7.8045E-02,2.0637E-02,6.9445E-02,2.3766E+00,4.8863E-02,5.1166E-02,0.0000E+00,4.0000E+00,7.9148E-02,3.9232E-05,4.7330E-04,1.1633E-05
21,4.5800E+02,7.7300E+02,-2.5822E+00,-4.2415E+00,2.1944E+01,1.8898E+00,-7.8045E-02,2.8808E-02,8.1422E-02,3.1362E+00,4.9292E-02,4.8589E-02,0.0000E+00,4.0000E+00,7.9842E-02,3.7416E-05,1.8815E-04,6.6628E-05
22,4.5800E+02,7.7300E+02,-3.3481E+00,-5.7105E+00,2.1944E+01,1.8898E+00,-7.8045E-02,3.3572E-02,9.9527E-02,4.1043E+00,3.9855E-02,5.0134E-02,0.0000E+00,4.0000E+00,6.4557E-02,-1.0248E-04,2.9704E-04,3.3933E-05
23,4.5800E+02,7.7300E+02,-4.1266E+00,-6.9541E+00,2.1944E+01,1.8898E+00,-7.8045E-02,4.7354E-02,1.1337E-01,4.9786E+00,3.7127E-02,4.3561E-02,0.0000E+00,4.0000E+00,6.0137E-02,-3.9599E-05,2.2766E-04,-8.5290E-05
24,4.5800E+02,7.7300E+02,-4.9638E+00,-8.3097E+00,2.1944E+01,1.8898E+00,-7.8045E-02,6.2043E-02,1.3554E-01,5.9139E+00,3.9201E-02,5.3930E-02,0.0000E+00,4.0000E+00,6.3498E-02,-9.5458E-05,2.9053E-04,-1.9183E-05
25,4.5800E+02,7.7300E+02,-5.7399E+00,-9.6696E+00,2.1944E+01,1.8898E+00,-7.8045E-02,7.3240E-02,1.5377E-01,6.8066E+00,3.6755E-02,4.9896E-02,0.0000E+00,4.0000E+00,5.9535E-02,-1.7401E-04,3.2333E-04,1.3847E-04
26,4.5800E+02,7.7300E+02,-6.4435E+00,-1.0756E+01,2.1944E+01,1.8898E+00,-7.8045E-02,7.8458E-02,1.8124E-01,7.6724E+00,4.7274E-02,4.5356E-02,0.0000E+00,4.0000E+00,7.6573E-02,-1.8930E-04,1.6920E-04,2.7069E-05
27,4.5800E+02,7.7300E+02,-7.1173E+00,-1.2220E+01,2.1944E+01,1.8898E+00,-7.8045E-02,8.0449E-02,1.8620E-01,8.5359E+00,4.8390E-02,4.9833E-02,0.0000E+00,4.0000E+00,7.8381E-02,-3.7472E-05,-2.8414E-05,-6.2996E-06
28,4.5800E+02,7.7300E+02,-8.0921E+00,-1.3412E+01,2.1944E+01,1.8898E+00,-7.8045E-02,1.1001E-01,2.1369E-01,9.4599E+00,4.8209E-02,4.0868E-02,0.0000E+00,4.0000E+00,7.8089E-02,-2.0056E-04,4.8590E-05,7.5391E-05
29,4.5800E+02,7.7300E+02,-8.8125E+00,-1.4855E+01,2.1944E+01,1.8898E+00,-7.8045E-02,1.1166E-01,2.2880E-01,1.0381E+01,4.6924E-02,4.5318E-02,0.0000E+00,4.0000E+00,7.6007E-02,-2.4282E-05,1.9677E-04,-9.1214E-05
30,4.5800E+02,7.7300E+02,-8.5985E+00,-1.4291E+01,2.1944E+01,1.8898E+00,-7.8045E-02,1.2169E-01,2.2522E-01,9.9804E+00,5.4343E-02,4.6061E-02,0.0000E+00,4.0000E+00,8.8024E-02,-4.4083E-05,2.9259E-05,-2.6950E-05
31,4.5800E+02,7.7300E+02,-7.7796E+00,-1.3028E+01,2.1944E+01,1.8898E+00,-7.8045E-02,1.0616E-01,1.9952E-01,9.0968E+00,4.7679E-02,4.9254E-02,0.0000E+00,4.0000E+00,7.7231E-02,-4.1668E-05,1.6919E-04,8.0742E-05
32,4.5800E+02,7.7300E+02,-6.9662E+00,-1.1545E+01,2.1944E+01,1.8898E+00,-7.8045E-02,9.7763E-02,1.8896E-01,8.1280E+00,3.7375E-02,4.9109E-02,0.0000E+00,4.0000E+00,6.0539E-02,-3.0337E-05,1.2634E-04,7.9068E-05
33,4.5800E+02,7.7300E+02,-6.1661E+00,-1.0051E+01,2.1944E+01,1.8898E+00,-7.8045E-02,8.3690E-02,1.7888E-01,7.2431E+00,4.3485E-02,5.1379E-02,0.0000E+00,4.0000E+00,7.0437E-02,-2.1569E-04,1.0722E-04,4.3866E-06
34,4.5800E+02,7.7300E+02,-5.3198E+00,-8.5703E+00,2.1944E+01,1.8898E+00,-7.8045E-02,7.0723E-02,1.5658E-01,6.2815E+00,3.5548E-02,4.7594E-02,0.0000E+00,4.0000E+00,5.7581E-02,-5.9894E-05,2.2045E-04,6.9865E-05
35,4.5800E+02,7.7300E+02,-4.3948E+00,-7.1793E+00,2.1944E+01,1.8898E+00,-7.8045E-02,5.1660E-02,1.3026E-01,5.2837E+00,4.5954E-02,5.0563E-02,0.0000E+00,4.0000E+00,7.4437E-02,1.8450E-05,1.7029E-04,-5.5761E-05
36,4.5800E+02,7.7300E+02,-3.7112E+00,-6.1723E+00,2.1944E+01,1.8898E+00,-7.8045E-02,4.8163E-02,1.0881E-01,4.4121E+00,4.5222E-02,5.2557E-02,0.0000E+00,4.0000E+00,7.3250E-02,2.2173E-05,4.2041E-04,7.3331E-05
37,4.5800E+02,7.7300E+02,-2.9306E+00,-4.6091E+00,2.1944E+01,1.8898E+00,-7.8045E-02,3.6392E-02,9.4328E-02,3.5128E+00,4.0464E-02,5.2146E-02,0.0000E+00,4.0000E+00,6.5543E-02,-5.7584E-05,3.1627E-04,5.2769E-05
38,4.5800E+02,7.7300E+02,-2.0868E+00,-3.1600E+00,2.1944E+01,1.8898E+00,-7.8045E-02,2.2746E-02,7.5631E-02,2.5455E+00,4.3361E-02,5.4705E-02,0.0000E+00,4.0000E+00,7.0236E-02,6.4177E-05,3.2898E-04,-2.6593E-05
39,4.5800E+02,7.7300E+02,-1.3809E+00,-1.6434E+00,2.1944E+01,1.8898E+00,-7.8045E-02,1.4937E-02,7.3953E-02,1.6883E+00,5.1693E-02,3.9310E-02,0.0000E+00,4.0000E+00,8.3732E-02,1.0421E-04,3.1159E-04,1.8604E-04
40,4.5800E+02,7.7300E+02,-4.9295E-01,-6.2699E-02,2.1944E+01,1.8898E+00,-7.8045E-02,8.0817E-03,5.1053E-02,5.6994E-01,5.2674E-02,4.1588E-02,0.0000E+00,4.0000E+00,8.5321E-02,-1.8406E-05,3.7504E-04,6.9226E-05
41,4.5800E+02,7.7300E+02,-6.9319E-02,7.3488E-01,2.1944E+01,1.8898E+00,-7.8045E-02,6.3529E-03,4.2297E-02,1.5205E-02,4.9596E-02,4.0429E-02,0.0000E+00,4.0000E+00,8.0335E-02,-7.2757E-06,-7.0317E-05,-2.2607E-05
42,4.5800E+02,7.7300E+02,-8.8398E-02,7.0580E-01,2.1944E+01,1.8898E+00,-7.8045E-02,6.1345E-03,4.3711E-02,4.3704E-02,4.7781E-02,5.0145E-02,0.0000E+00,4.0000E+00,7.7395E-02,1.4749E-04,2.6967E-04,5.3047E-05
43,4.5800E+02,7.7300E+02,-5.9349E-02,8.2071E-01,2.1944E+01,1.8898E+00,-7.8045E-02,3.3697E-03,4.7985E-02,3.8203E-02,4.1276E-02,4.8386E-02,0.0000E+00,4.0000E+00,6.6858E-02,6.4144E-05,2.8933E-04,7.0393E-05
44,4.5800E+02,7.7300E+02,-8.3964E-02,7.1195E-01,2.1944E+01,1.8898E+00,-7.8045E-02,5.9397E-03,4.3785E-02,4.0020E-02,4.1411E-02,5.3829E-02,0.0000E+00,4.0000E+00,6.7077E-02,1.5955E-04,2.2218E-04,8.5587E-05
45,4.5800E+02,7.7300E+02,-5.2862E-02,7.3496E-01,2.1944E+01,1.8898E+00,-7.8045E-02,5.2052E-03,4.2548E-02,6.4871E-03,5.4151E-02,4.6424E-02,0.0000E+00,4.0000E+00,8.7713E-02,1.5081E-04,1.0636E-04,1.0682E-04
46,4.5800E+02,7.7300E+02,-4.2031E-02,7.0480E-01,2.1944E+01,1.8898E+00,-7.8045E-02,4.1749E-03,4.1290E-02,4.1815E-03,5.1569E-02,3.9936E-02,0.0000E+00,4.0000E+00,8.3531E-02,5.1532E-05,5.1928E-05,1.2857E-04
47,4.5800E+02,7.7300E+02,-6.6873E-02,7.0122E-01,2.1944E+01,1.8898E+00,-7.8045E-02,6.2140E-03,4.0708E-02,1.3504E-02,4.5007E-02,4.2123E-02,0.0000E+00,4.0000E+00,7.2903E-02,-1.4382E-05,1.0060E-04,5.0230E-05
48,4.5800E+02,7.7300E+02,-5.2438E-02,6.8233E-01,2.1944E+01,1.8898E+00,-7.8045E-02,5.8241E-03,4.0728E-02,-2.1292E-03,4.6067E-02,5.2982E-02,0.0000E+00,4.0000E+00,7.4619E-02,1.9142E-04,3.3134E-04,9.4665E-05
49,4.5800E+02,7.7300E+02,-6.9817E-02,6.4171E-01,2.1944E+01,1.8898E+00,-7.8045E-02,7.0620E-03,3.6412E-02,7.4435E-03,3.7747E-02,4.0941E-02,0.0000E+00,4.0000E+00,6.1142E-02,2.5054E-05,8.4769E-05,-3.7251E-05
50,4.5800E+02,7.7300E+02,-8.7451E-02,7.9471E-01,2.1944E+01,1.8898E+00,-7.8045E-02,7.5646E-03,4.4659E-02,2.5582E-02,4.0509E-02,4.9618E-02,0.0000E+00,4.0000E+00,6.5616E-02,-1.8872E-05,3.4182E-05,-2.0166E-06
51,4.5800E+02,7.7300E+02,-6.9523E-02,6.8365E-01,2.1944E+01,1.8898E+00,-7.8045E-02,6.5996E-03,4.0010E-02,1.2319E-02,4.9979E-02,5.2047E-02,0.0000E+00,4.0000E+00,8.0956E-02,-4.3113E-05,7.6390E-05,2.7966E-05
52,4.5800E+02,7.7300E+02,-3.9710E-02,7.7818E-01,2.1944E+01,1.8898E+00,-7.8045E-02,5.9588E-03,4.3918E-02,-2.1136E-02,5.0205E-02,4.3426E-02,0.0000E+00,4.0000E+00,8.1321E-02,1.1052E-04,2.3863E-04,1.1843E-04
53,4.5800E+02,7.7300E+02,-9.8419E-02,7.2206E-01,2.1944E+01,1.8898E+00,-7.8045E-02,6.2918E-03,4.6738E-02,5.5008E-02,5.8943E-02,4.5029E-02,0.0000E+00,4.0000E+00,9.5475E-02,-2.0232E-06,9.2856E-05,9.4379E-05
54,4.5800E+02,7.7300E+02,-1.0799E-01,7.0365E-01,2.1944E+01,1.8898E+00,-7.8045E-02,9.8536E-03,4.2219E-02,2.4914E-02,4.3711E-02,4.7435E-02,0.0000E+00,4.0000E+00,7.0802E-02,4.8702E-05,1.4527E-04,1.4721E-04
55,4.5800E+02,7.7300E+02,-8.6664E-02,7.0152E-01,2.1944E+01,1.8898E+00,-7.8045E-02,8.1180E-03,4.3212E-02,1.6477E-02,5.6361E-02,4.8885E-02,0.0000E+00,4.0000E+00,9.1293E-02,-6.3933E-06,1.1378E-04,1.5595E-05
56,4.5800E+02,7.7300E+02,-7.8385E-02,7.3371E-01,2.1944E+01,1.8898E+00,-7.8045E-02,9.9444E-03,3.8646E-02,-1.5975E-02,4.8254E-02,4.9413E-02,0.0000E+00,4.0000E+00,7.8162E-02,1.2182E-04,-1.8982E-05,-4.3842E-05
57,4.5800E+02,7.7300E+02,-7.1973E-02,7.3433E-01,2.1944E+01,1.8898E+00,-7.8045E-02,7.2629E-03,4.2955E-02,7.2670E-03,4.5086E-02,5.5193E-02,0.0000E+00,4.0000E+00,7.3030E-02,1.5118E-04,1.3733E-04,-8.5961E-06
58,4.5800E+02,7.7300E+02,-1.1273E-01,7.5743E-01,2.1944E+01,1.8898E+00,-7.8045E-02,1.1643E-02,4.2251E-02,9.9640E-03,5.0397E-02,4.6434E-02,0.0000E+00,4.0000E+00,8.1632E-02,1.1965E-05,2.4514E-04,-4.6126E-05
59,4.5800E+02,7.7300E+02,-9.0805E-02,8.8408E-01,2.1944E+01,1.8898E+00,-7.8045E-02,9.8537E-03,4.8490E-02,1.7241E-03,4.8085E-02,4.5347E-02,0.0000E+00,4.0000E+00,7.7888E-02,7.4897E-05,1.7140E-04,9.6165E-06
60,4.5800E+02,7.7300E+02,-8.7538E-02,8.4247E-01,2.1944E+01,1.8898E+00,-7.8045E-02,1.1721E-02,4.1722E-02,-2.4693E-02,4.7127E-02,4.0527E-02,0.0000E+00,4.0000E+00,7.6336E-02,4.9814E-05,1.2911E-04,1.2672E-05
61,4.5800E+02,7.7300E+02,-1.1976E-01,7.9767E-01,2.1944E+01,1.8898E+00,-7.8045E-02,1.3184E-02,4.2248E-02,1.1531E-03,5.5256E-02,4.4617E-02,0.0000E+00,4.0000E+00,8.9503E-02,-1.3374E-05,4.2080E-05,4.7335E-05
62,4.5800E+02,7.7300E+02,-1.0444E-01,7.4952E-01,2.1944E+01,1.8898E+00,-7.8045E-02,1.1835E-02,4.3520E-02,-4.6003E-03,4.9731E-02,5.0275E-02,0.0000E+00,4.0000E+00,8.0554E-02,1.1136E-04,2.1754E-04,1.5684E-05
63,4.5800E+02,7.7300E+02,-1.0732E-01,7.4644E-01,2.1944E+01,1.8898E+00,-7.8045E-02,1.4653E-02,4.2279E-02,-3.5569E-02,4.2617E-02,4.6865E-02,0.0000E+00,4.0000E+00,6.9031E-02,-6.4987E-05,2.0394E-04,2.6725E-05
