FRAME,COORDINATE_X,COORDINATE_Y,DISPLACEMENT_X,DISPLACEMENT_Y,MODEL_COORDINATES_X,MODEL_COORDINATES_Y,MODEL_COORDINATES_Z,MODEL_DISPLACEMENT_X,MODEL_DISPLACEMENT_Y,MODEL_DISPLACEMENT_Z,SIGMA,GAMMA,BETA,STATUS_FLAG,UNCERTAINTY,VSG_STRAIN_XX,VSG_STRAIN_YY,VSG_STRAIN_XY
0,4.2800E+02,6.6400E+02,-6.9122E-04,7.1818E-02,2.2051E+01,-3.7948E+00,8.3555E-02,1.9703E-04,1.1291E-04,-6.5218E-04,2.5268E-02,5.3692E-02,0.0000E+00,4.0000E+00,8.2659E-02,0.0000E+00,0.0000E+00,0.0000E+00
1,4.2800E+02,6.6400E+02,-1.4131E-02,-9.8354E-02,2.2051E+01,-3.7948E+00,8.3555E-02,-4.8123E-04,-2.8989E-03,1.8731E-02,2.4884E-02,5.0375E-02,0.0000E+00,4.0000E+00,8.1404E-02,0.0000E+00,0.0000E+00,0.0000E+00
2,4.2800E+02,6.6400E+02,-1.6472E-02,-7.5170E-02,2.2051E+01,-3.7948E+00,8.3555E-02,-9.5414E-04,-1.0915E-03,2.5510E-02,2.7572E-02,5.0807E-02,0.0000E+00,4.0000E+00,9.0196E-02,0.0000E+00,0.0000E+00,0.0000E+00
3,4.2800E+02,6.6400E+02,7.0520E-03,-5.2432E-02,2.2051E+01,-3.7948E+00,8.3555E-02,-1.8117E-03,-2.4853E-03,1.1603E-02,2.8046E-02,5.8949E-02,0.0000E+00,4.0000E+00,9.1745E-02,0.0000E+00,0.0000E+00,0.0000E+00
4,4.2800E+02,6.6400E+02,-1.9773E-02,-5.0062E-02,2.2051E+01,-3.7948E+00,8.3555E-02,-7.7442E-04,5.9461E-04,2.6689E-02,2.5139E-02,4.7995E-02,0.0000E+00,4.0000E+00,8.2237E-02,0.0000E+00,0.0000E+00,0.0000E+00
5,4.2800E+02,6.6400E+02,-2.1703E-03,-5.0193E-02,2.2051E+01,-3.7948E+00,8.3555E-02,-1.7460E-03,-1.7523E-03,1.9843E-02,2.5933E-02,4.8393E-02,0.0000E+00,4.0000E+00,8.4835E-02,0.0000E+00,0.0000E+00,0.0000E+00
6,4.2800E+02,6.6400E+02,-3.4273E-02,-2.3203E-02,2.2051E+01,-3.7948E+00,8.3555E-02,1.1047E-03,1.1964E-03,2.2069E-02,2.3669E-02,5.3027E-02,0.0000E+00,4.0000E+00,7.7429E-02,0.0000E+00,0.0000E+00,0.0000E+00
7,4.2800E+02,6.6400E+02,-1.4615E-02,-1.5868E-02,2.2051E+01,-3.7948E+00,8.3555E-02,4.1058E-04,-1.0607E-03,1.0433E-02,2.4247E-02,5.4578E-02,0.0000E+00,4.0000E+00,7.9319E-02,0.0000E+00,0.0000E+00,0.0000E+00
8,4.2800E+02,6.6400E+02,8.1063E-03,-5.0642E-02,2.2051E+01,-3.7948E+00,8.3555E-02,-2.0460E-03,-1.9561E-03,1.2791E-02,2.6410E-02,5.5291E-02,0.0000E+00,4.0000E+00,8.6394E-02,0.0000E+00,0.0000E+00,0.0000E+00
9,4.2800E+02,6.6400E+02,-5.8226E-06,-1.6181E-02,2.2051E+01,-3.7948E+00,8.3555E-02,-5.5509E-04,-9.9481E-04,5.7608E-03,2.3980E-02,5.7399E-02,0.0000E+00,4.0000E+00,7.8446E-02,0.0000E+00,0.0000E+00,0.0000E+00
10,4.2800E+02,6.6400E+02,5.9384E-03,-6.6953E-02,2.2051E+01,-3.7948E+00,8.3555E-02,-1.4652E-03,-5.3244E-04,8.4803E-03,2.7142E-02,5.4598E-02,0.0000E+00,4.0000E+00,8.8791E-02,0.0000E+00,0.0000E+00,0.0000E+00
11,4.2800E+02,6.6400E+02,2.5113E-02,-4.8906E-02,2.2051E+01,-3.7948E+00,8.3555E-02,-3.4285E-03,-8.7888E-04,9.6890E-03,2.7699E-02,5.5296E-02,0.0000E+00,4.0000E+00,9.0611E-02,0.0000E+00,0.0000E+00,0.0000E+00
12,4.2800E+02,6.6400E+02,-5.8555E+00,-1.1637E+01,2.2051E+01,-3.7948E+00,8.3555E-02,-4.0799E-02,3.3836E-01,5.9066E+00,2.5760E-02,6.2093E-02,0.0000E+00,4.0000E+00,8.4270E-02,0.0000E+00,0.0000E+00,0.0000E+00
13,4.2800E+02,6.6400E+02,-1.0890E+01,-2.1320E+01,2.2051E+01,-3.7948E+00,8.3555E-02,-5.8611E-02,6.1603E-01,1.0707E+01,2.1873E-02,5.5017E-02,0.0000E+00,4.0000E+00,7.1554E-02,0.0000E+00,0.0000E+00,0.0000E+00
14,4.2800E+02,6.6400E+02,-1.0922E+01,-2.1263E+01,2.2051E+01,-3.7948E+00,8.3555E-02,-5.5921E-02,6.1783E-01,1.0711E+01,2.0560E-02,5.8975E-02,0.0000E+00,4.0000E+00,6.7256E-02,0.0000E+00,0.0000E+00,0.0000E+00
15,4.2800E+02,6.6400E+02,-1.0905E+01,-2.1289E+01,2.2051E+01,-3.7948E+00,8.3555E-02,-5.6527E-02,6.1669E-01,1.0701E+01,2.1838E-02,5.6575E-02,0.0000E+00,4.0000E+00,7.1440E-02,0.0000E+00,0.0000E+00,0.0000E+00
16,4.2800E+02,6.6400E+02,-1.0897E+01,-2.1324E+01,2.2051E+01,-3.7948E+00,8.3555E-02,-5.7514E-02,6.1586E-01,1.0703E+01,2.0401E-02,5.5641E-02,0.0000E+00,4.0000E+00,6.6739E-02,0.0000E+00,0.0000E+00,0.0000E+00
17,4.2800E+02,6.6400E+02,-1.0902E+01,-2.1293E+01,2.2051E+01,-3.7948E+00,8.3555E-02,-5.7083E-02,6.1662E-01,1.0704E+01,2.3627E-02,6.1990E-02,0.0000E+00,4.0000E+00,7.7290E-02,0.0000E+00,0.0000E+00,0.0000E+00
18,4.2800E+02,6.6400E+02,-1.0919E+01,-2.1312E+01,2.2051E+01,-3.7948E+00,8.3555E-02,-5.6341E-02,6.1801E-01,1.0712E+01,2.2546E-02,6.1650E-02,0.0000E+00,4.0000E+00,7.3756E-02,0.0000E+00,0.0000E+00,0.0000E+00
19,4.2800E+02,6.6400E+02,-1.0913E+01,-2.1242E+01,2.2051E+01,-3.7948E+00,8.3555E-02,-5.6400E-02,6.1892E-01,1.0707E+01,2.3273E-02,6.1725E-02,0.0000E+00,4.0000E+00,7.6134E-02,0.0000E+00,0.0000E+00,0.0000E+00
20,4.2800E+02,6.6400E+02,-4.0148E+00,-8.1232E+00,2.2051E+01,-3.7948E+00,8.3555E-02,-2.5123E-02,2.2716E-01,4.0369E+00,2.6363E-02,6.0827E-02,0.0000E+00,4.0000E+00,8.6240E-02,0.0000E+00,0.0000E+00,0.0000E+00
21,4.2800E+02,6.6400E+02,-1.3807E-02,2.8845E-02,2.2051E+01,-3.7948E+00,8.3555E-02,-3.5476E-04,3.7053E-03,1.6389E-02,2.3567E-02,5.7709E-02,0.0000E+00,4.0000E+00,7.7095E-02,0.0000E+00,0.0000E+00,0.0000E+00
22,4.2800E+02,6.6400E+02,-8.0576E-03,3.9166E-02,2.2051E+01,-3.7948E+00,8.3555E-02,-1.5822E-03,3.9010E-03,2.3172E-02,2.4300E-02,5.2426E-02,0.0000E+00,4.0000E+00,7.9492E-02,0.0000E+00,0.0000E+00,0.0000E+00
23,4.2800E+02,6.6400E+02,-2.6235E-02,-4.4921E-02,2.2051E+01,-3.7948E+00,8.3555E-02,1.1089E-03,1.7212E-03,1.3735E-02,2.4105E-02,5.1290E-02,0.0000E+00,4.0000E+00,7.8853E-02,0.0000E+00,0.0000E+00,0.0000E+00
24,4.2800E+02,6.6400E+02,-1.1346E-02,6.3072E-02,2.2051E+01,-3.7948E+00,8.3555E-02,-4.0272E-04,4.5583E-03,1.4520E-02,2.4663E-02,4.6221E-02,0.0000E+00,4.0000E+00,8.0681E-02,0.0000E+00,0.0000E+00,0.0000E+00
25,4.2800E+02,6.6400E+02,-6.2782E-03,1.0909E-02,2.2051E+01,-3.7948E+00,8.3555E-02,-7.9805E-04,4.0726E-03,1.3165E-02,2.1319E-02,5.1441E-02,0.0000E+00,4.0000E+00,6.9741E-02,0.0000E+00,0.0000E+00,0.0000E+00
26,4.2800E+02,6.6400E+02,-9.6199E-03,8.9708E-02,2.2051E+01,-3.7948E+00,8.3555E-02,2.3292E-04,4.9583E-03,6.5234E-03,2.2807E-02,5.1148E-02,0.0000E+00,4.0000E+00,7.4607E-02,0.0000E+00,0.0000E+00,0.0000E+00
27,4.2800E+02,6.6400E+02,-2.7060E-03,5.8628E-02,2.2051E+01,-3.7948E+00,8.3555E-02,9.0712E-05,2.4351E-03,1.5907E-03,2.6059E-02,5.0675E-02,0.0000E+00,4.0000E+00,8.5246E-02,0.0000E+00,0.0000E+00,0.0000E+00
28,4.2800E+02,6.6400E+02,9.5005E-05,7.9210E-02,2.2051E+01,-3.7948E+00,8.3555E-02,-8.9943E-04,4.0787E-03,8.5508E-03,2.3701E-02,5.2691E-02,0.0000E+00,4.0000E+00,7.7532E-02,0.0000E+00,0.0000E+00,0.0000E+00
29,4.2800E+02,6.6400E+02,-1.1297E-02,3.7441E-02,2.2051E+01,-3.7948E+00,8.3555E-02,3.4713E-05,3.8027E-03,1.0027E-02,2.6234E-02,5.2231E-02,0.0000E+00,4.0000E+00,8.5818E-02,0.0000E+00,0.0000E+00,0.0000E+00
30,4.2800E+02,6.6400E+02,1.4753E-03,1.1358E-01,2.2051E+01,-3.7948E+00,8.3555E-02,2.4533E-04,4.0747E-03,-4.0603E-03,2.6057E-02,5.3892E-02,0.0000E+00,4.0000E+00,8.5239E-02,0.0000E+00,0.0000E+00,0.0000E+00
31,4.2800E+02,6.6400E+02,8.6744E-03,1.3231E-01,2.2051E+01,-3.7948E+00,8.3555E-02,-2.1922E-04,4.5740E-03,-6.4348E-03,2.4360E-02,4.9172E-02,0.0000E+00,4.0000E+00,7.9690E-02,0.0000E+00,0.0000E+00,0.0000E+00
32,4.2800E+02,6.6400E+02,1.0250E-02,9.6289E-02,2.2051E+01,-3.7948E+00,8.3555E-02,-2.4436E-04,4.6685E-03,-8.1060E-03,2.7457E-02,5.1357E-02,0.0000E+00,4.0000E+00,8.9818E-02,0.0000E+00,0.0000E+00,0.0000E+00
33,4.2800E+02,6.6400E+02,9.9792E-03,1.0652E-01,2.2051E+01,-3.7948E+00,8.3555E-02,-1.5140E-03,5.9102E-03,4.7304E-03,2.5988E-02,5.0345E-02,0.0000E+00,4.0000E+00,8.5015E-02,0.0000E+00,0.0000E+00,0.0000E+00
34,4.2800E+02,6.6400E+02,8.1624E-03,9.0851E-02,2.2051E+01,-3.7948E+00,8.3555E-02,-4.9224E-04,4.3233E-03,-3.4899E-03,2.5579E-02,5.1193E-02,0.0000E+00,4.0000E+00,8.3675E-02,0.0000E+00,0.0000E+00,0.0000E+00
35,4.2800E+02,6.6400E+02,-1.8949E-04,1.3290E-01,2.2051E+01,-3.7948E+00,8.3555E-02,2.8224E-04,4.5586E-03,-2.7489E-03,2.5723E-02,4.7885E-02,0.0000E+00,4.0000E+00,8.4149E-02,0.0000E+00,0.0000E+00,0.0000E+00
36,4.2800E+02,6.6400E+02,-3.2654E-02,1.3550E-01,2.2051E+01,-3.7948E+00,8.3555E-02,2.5790E-03,5.4058E-03,5.8306E-03,2.6631E-02,5.1778E-02,0.0000E+00,4.0000E+00,8.7117E-02,0.0000E+00,0.0000E+00,0.0000E+00
37,4.2800E+02,6.6400E+02,-2.4881E-02,8.1580E-02,2.2051E+01,-3.7948E+00,8.3555E-02,1.9823E-03,4.6337E-03,3.9078E-03,2.5208E-02,5.1013E-02,0.0000E+00,4.0000E+00,8.2464E-02,0.0000E+00,0.0000E+00,0.0000E+00
38,4.2800E+02,6.6400E+02,3.3541E-03,6.6918E-02,2.2051E+01,-3.7948E+00,8.3555E-02,-6.7462E-04,4.5708E-03,2.7980E-03,2.3001E-02,4.6416E-02,0.0000E+00,4.0000E+00,7.5242E-02,0.0000E+00,0.0000E+00,0.0000E+00
39,4.2800E+02,6.6400E+02,5.7206E-03,6.5624E-02,2.2051E+01,-3.7948E+00,8.3555E-02,-6.4521E-04,3.6793E-03,4.1679E-04,2.6161E-02,5.0052E-02,0.0000E+00,4.0000E+00,8.5580E-02,0.0000E+00,0.0000E+00,0.0000E+00
40,4.2800E+02,6.6400E+02,-3.0983E-02,1.1509E-01,2.2051E+01,-3.7948E+00,8.3555E-02,1.8924E-03,8.1551E-03,1.0115E-02,2.7632E-02,5.7892E-02,0.0000E+00,4.0000E+00,9.0391E-02,0.0000E+00,0.0000E+00,0.0000E+00
41,4.2800E+02,6.6400E+02,-2.0105E-02,8.9873E-02,2.2051E+01,-3.7948E+00,8.3555E-02,8.0402E-04,6.2992E-03,1.0697E-02,2.5165E-02,5.8130E-02,0.0000E+00,4.0000E+00,8.2321E-02,0.0000E+00,0.0000E+00,0.0000E+00
42,4.2800E+02,6.6400E+02,-2.5455E-02,1.7097E-01,2.2051E+01,-3.7948E+00,8.3555E-02,9.1418E-04,9.0439E-03,1.4824E-02,2.8105E-02,5.3461E-02,0.0000E+00,4.0000E+00,9.1940E-02,0.0000E+00,0.0000E+00,0.0000E+00
43,4.2800E+02,6.6400E+02,-3.0860E-02,1.3991E-01,2.2051E+01,-3.7948E+00,8.3555E-02,8.9335E-04,1.0214E-02,1.9723E-02,2.2662E-02,5.1102E-02,0.0000E+00,4.0000E+00,7.4134E-02,0.0000E+00,0.0000E+00,0.0000E+00
44,4.2800E+02,6.6400E+02,-6.9571E-03,1.1552E-01,2.2051E+01,-3.7948E+00,8.3555E-02,-6.9410E-05,8.0744E-03,6.2779E-03,2.6479E-02,5.7564E-02,0.0000E+00,4.0000E+00,8.6622E-02,0.0000E+00,0.0000E+00,0.0000E+00
45,4.2800E+02,6.6400E+02,-2.2789E-02,1.6542E-01,2.2051E+01,-3.7948E+00,8.3555E-02,1.3830E-03,8.5890E-03,7.5328E-03,2.5061E-02,4.7641E-02,0.0000E+00,4.0000E+00,8.1983E-02,0.0000E+00,0.0000E+00,0.0000E+00
46,4.2800E+02,6.6400E+02,-1.8653E-02,1.1492E-01,2.2051E+01,-3.7948E+00,8.3555E-02,1.9060E-03,6.7705E-03,-1.7796E-03,2.3888E-02,4.5409E-02,0.0000E+00,4.0000E+00,7.8145E-02,0.0000E+00,0.0000E+00,0.0000E+00
47,4.2800E+02,6.6400E+02,-1.2878E-02,1.0496E-01,2.2051E+01,-3.7948E+00,8.3555E-02,1.2832E-03,6.1220E-03,-1.0818E-03,2.5953E-02,5.0225E-02,0.0000E+00,4.0000E+00,8.4901E-02,0.0000E+00,0.0000E+00,0.0000E+00
48,4.2800E+02,6.6400E+02,-1.8971E-03,1.2152E-01,2.2051E+01,-3.7948E+00,8.3555E-02,5.8369E-04,6.3841E-03,-4.7627E-03,2.4002E-02,4.9579E-02,0.0000E+00,4.0000E+00,7.8519E-02,0.0000E+00,0.0000E+00,0.0000E+00
49,4.2800E+02,6.6400E+02,-1.4499E-02,1.8054E-01,2.2051E+01,-3.7948E+00,8.3555E-02,1.8836E-03,9.2896E-03,-5.7726E-03,2.5637E-02,5.3817E-02,0.0000E+00,4.0000E+00,8.3866E-02,0.0000E+00,0.0000E+00,0.0000E+00
50,4.2800E+02,6.6400E+02,-2.6947E-02,2.3653E-01,2.2051E+01,-3.7948E+00,8.3555E-02,2.3756E-03,1.2747E-02,1.0443E-03,2.4407E-02,5.2959E-02,0.0000E+00,4.0000E+00,7.9844E-02,0.0000E+00,0.0000E+00,0.0000E+00
51,4.2800E+02,6.6400E+02,-5.0165E-03,2.1792E-01,2.2051E+01,-3.7948E+00,8.3555E-02,1.3396E-03,9.0548E-03,-9.2027E-03,2.4571E-02,4.6266E-02,0.0000E+00,4.0000E+00,8.0380E-02,0.0000E+00,0.0000E+00,0.0000E+00
52,4.2800E+02,6.6400E+02,1.0936E-01,5.9411E-02,2.2051E+01,-3.7948E+00,8.3555E-02,-1.0889E-02,5.3178E-03,1.2132E-03,2.4772E-02,5.0821E-02,0.0000E+00,4.0000E+00,8.1037E-02,0.0000E+00,0.0000E+00,0.0000E+00
53,4.2800E+02,6.6400E+02,1.1765E-01,4.2225E-02,2.2051E+01,-3.7948E+00,8.3555E-02,-1.1460E-02,3.6675E-03,-8.7041E-04,2.3596E-02,5.1138E-02,0.0000E+00,4.0000E+00,7.7191E-02,0.0000E+00,0.0000E+00,0.0000E+00
54,4.2800E+02,6.6400E+02,1.2277E-01,4.0416E-02,2.2051E+01,-3.7948E+00,8.3555E-02,-1.2711E-02,4.2112E-03,6.5458E-03,2.5083E-02,5.2021E-02,0.0000E+00,4.0000E+00,8.2053E-02,0.0000E+00,0.0000E+00,0.0000E+00
55,4.2800E+02,6.6400E+02,9.7367E-02,3.7885E-02,2.2051E+01,-3.7948E+00,8.3555E-02,-1.1246E-02,5.9734E-03,1.6261E-02,2.6540E-02,5.1558E-02,0.0000E+00,4.0000E+00,8.6820E-02,0.0000E+00,0.0000E+00,0.0000E+00
56,4.2800E+02,6.6400E+02,1.3920E-01,3.6981E-02,2.2051E+01,-3.7948E+00,8.3555E-02,-1.3618E-02,3.1704E-03,-2.1148E-04,2.5541E-02,5.2044E-02,0.0000E+00,4.0000E+00,8.3550E-02,0.0000E+00,0.0000E+00,0.0000E+00
57,4.2800E+02,6.6400E+02,8.6272E-02,1.0090E-02,2.2051E+01,-3.7948E+00,8.3555E-02,-1.0949E-02,6.0625E-03,2.3913E-02,2.6739E-02,5.0213E-02,0.0000E+00,4.0000E+00,8.7470E-02,0.0000E+00,0.0000E+00,0.0000E+00
58,4.2800E+02,6.6400E+02,1.2690E-01,-2.3895E-03,2.2051E+01,-3.7948E+00,8.3555E-02,-1.3594E-02,4.9052E-03,1.0804E-02,2.3125E-02,4.7341E-02,0.0000E+00,4.0000E+00,7.5649E-02,0.0000E+00,0.0000E+00,0.0000E+00
